%YAML:1.0
cam0:
  cam_overlaps: [1, 2]
  camera_model: pinhole
  distortion_coeffs: [-0.40030673434273534, 0.3858556449507235, 0.005991614114507471, -0.0008111517647762754]
  distortion_model: radtan
  intrinsics: [1776.725301999032, 1776.8845068904102, 618.247118871851, 471.1453896366428]
  resolution: [1224, 1024]
  rostopic: /camera_array/cam2/image_raw
cam1:
  T_cn_cnm1:
    - [0.99957357, -0.02523796,  0.0146873 , -0.34225768]
    - [ 0.02532334,  0.99966331, -0.00565602, -0.01055272]
    - [-0.01453961,  0.00602554,  0.99987614, -0.00978101]
    - [0.0, 0.0, 0.0, 1.0]
  cam_overlaps: [0, 2]
  camera_model: pinhole
  distortion_coeffs: [-0.38832389291598746, 0.16208316831344874, 0.004166714825991572, -0.005361350507370833]
  distortion_model: radtan
  intrinsics: [1770.5262320986242, 1771.3796638446206, 614.2918796451348, 471.9677947385792]
  resolution: [1224, 1024]
  rostopic: /camera_array/cam1/image_raw
cam2:
  T_cn_cnm1:
    - [0.99960544,  0.02768245, -0.00475978,  0.68542113]
    - [-0.02755993,  0.99932907,  0.02412164,  0.00261338]
    - [ 0.00542434, -0.02398094,  0.9996977 , -0.00365451]
    - [0.0, 0.0, 0.0, 1.0]
  cam_overlaps: [0, 1]
  camera_model: pinhole
  distortion_coeffs: [-0.39168321711409576, 0.30227620256622734, 0.004168997856380304, 0.002888162577405751]
  distortion_model: radtan
  intrinsics: [1772.901631920921, 1774.361345183585, 591.956291688635, 462.6017138429535]
  resolution: [1224, 1024]
  rostopic: /camera_array/cam0/image_raw

imu:
  rostopic: /imu/imu_uncompensated
  #imu parameters       
  acc_noise: 0.001119    # accelerometer measurement noise standard deviation. 
  gyr_noise: 4.8e-05     # gyroscope measurement noise standard deviation.     
  acc_walk: 0.000167     # accelerometer bias random walk noise standard deviation.  
  gyr_walk: 3.0e-06     # gyroscope bias random walk noise standard deviation.     
  g_norm: -9.8         # gravity magnitude

  # T cam 0 to body frame
  Tbc: 
    - [-0.00687471,  0.00363623,  0.99996976,  0.06468167]
    - [ 0.99996189,  0.00540677,  0.00685499,  0.0045967 ]
    - [-0.00538168,  0.99997877, -0.00367326,  0.01772615]
    - [0.,          0.,          0.,          1.        ]


gps: 
  rostopic: /fix
  # T gps to body frame
  Tbg: 
    - [1, 0.0, 0.0, 0.0]
    - [0.0, 1, 0.0, 0.0]
    - [0.0, 0.0, 1, -0.06]
    - [0.0, 0.0, 0.0, 1.0]

# cam0:
#   cam_overlaps: [1, 2]
#   camera_model: pinhole
#   distortion_coeffs: [-0.39168321711409576, 0.30227620256622734, 0.004168997856380304, 0.002888162577405751]
#   distortion_model: radtan
#   intrinsics: [1772.901631920921, 1774.361345183585, 591.956291688635, 462.6017138429535]
#   resolution: [1224, 1024]
#   rostopic: /camera_array/cam0/image_raw
# cam1:
#   T_cn_cnm1:
#   - [0.9996054354695194, -0.027559934060629718, 0.005424335385145861, -0.6850588370773922]
#   - [0.027682446552222233, 0.999329073186507, -0.02398094320673427, -0.02167339564247314]
#   - [-0.004759782839601275, 0.024121640051518, 0.9996976997815635, 0.006852823825327888]
#   - [0.0, 0.0, 0.0, 1.0]
#   cam_overlaps: [0, 2]
#   camera_model: pinhole
#   distortion_coeffs: [-0.38832389291598746, 0.16208316831344874, 0.004166714825991572, -0.005361350507370833]
#   distortion_model: radtan
#   intrinsics: [1770.5262320986242, 1771.3796638446206, 614.2918796451348, 471.9677947385792]
#   resolution: [1224, 1024]
#   rostopic: /camera_array/cam1/image_raw
# cam2:
#   T_cn_cnm1:
#   - [0.9995735732781899, 0.025323337413580317, -0.014539607495187595, 0.34223674643049995]
#   - [-0.025237964554969225, 0.9996633123439389, 0.006025537210203253, 0.001970214154361342]
#   - [0.014687298900692015, -0.005656017661516837, 0.9998761386867973, 0.01474695598563379]
#   - [0.0, 0.0, 0.0, 1.0]
  
