x 14 1709063861.0003752708 -0.0067550674349126814053 0.15274761631866151657 -0.9882421382685347977 -0.018583656967647060182 0.99901008689687587072 -0.042422460589564205125 -0.01338569372802789377 -0.023869615509102409812 -0.043968303563675363577 -0.98735429644860439602 -0.15230984721219853473 0.0049189396405574905072 0 0 0 1
x 21 1709063862.2017703056 -0.031930791434378588689 0.14752663277037658673 -0.98854252189975910792 -0.156848890255458423 0.99816387483042967599 -0.046226787259786954187 -0.039140293095253790578 -0.015252306074795307297 -0.051471379716036456953 -0.98797721449832365259 -0.14577969975169227657 -0.056190260963225831248 0 0 0 1
x 30 1709063863.2617912292 -0.055841562641567060732 0.14324753384771832243 -0.98811024911765066303 -0.34995758181284236654 0.9967453207396792525 -0.049632280871249698229 -0.063524811589819943358 -0.015320170888783814916 -0.058141937222291176224 -0.98844159176363344255 -0.14000976721755151178 -0.13864934227239594788 0 0 0 1
x 45 1709063864.32193923 -0.07179546126799575545 0.14343124069453586089 -0.98705262852700859089 -0.56475580469113528803 0.99543109328593437635 -0.052150348293917243858 -0.07998299244754106252 -0.025779948667857370548 -0.062947197412856897847 -0.98828529276232257583 -0.13903176080000800852 -0.22019927305304126675 0 0 0 1
x 58 1709063865.2405843735 -0.078684595396124629163 0.14499606810409781943 -0.98629857306798962568 -0.82408568521455560774 0.99497938672275965111 -0.049954842813190444839 -0.086721007090483775981 -0.023388379385695868412 -0.06184459447070892596 -0.98817035648173212614 -0.14033742464784548787 -0.33373210942613407148 0 0 0 1
x 70 1709063866.0887253284 -0.07835998932910183401 0.14781256896609076823 -0.98590626180035334514 -1.0008180764279879238 0.99512676579566861079 -0.047777077644339721596 -0.086255841878556199775 -0.092909846188776359921 -0.059853416844740596481 -0.98786071630660754472 -0.14334843470260702492 -0.40679431131751636608 0 0 0 1
x 78 1709063866.6541073322 -0.026705417887028390367 0.14458535946041164988 -0.98913188954141484377 -1.1555664928644531209 0.99903841200101628495 -0.030558095641039215162 -0.031439680687830658112 -0.1144469636070664792 -0.034771703628420358445 -0.98902036189914166453 -0.14363026341481804904 -0.47437655777082715636 0 0 0 1
x 85 1709063867.1487424374 0.023693325781392046009 0.14499422425675145831 -0.98914877625603436773 -1.3005518860289781991 0.99960069510478444244 -0.018674699483017007801 0.021206256008466383561 -0.12653295749594178909 -0.015397270670385926686 -0.98925625106063075354 -0.14537879529529951217 -0.53369973330465414474 0 0 0 1
x 93 1709063867.7141273022 0.05541801950657096465 0.14316798441520534046 -0.98814562267512184857 -1.4602215011941437339 0.998463001466151856 -0.0072616424247611997475 0.054944541551760671394 -0.13597204729354178676 0.00069073990507013526691 -0.98967176201923945378 -0.14335036339938211913 -0.59880675751683565267 0 0 0 1
x 101 1709063868.2795183659 0.065446697725911953669 0.14235349174166109232 -0.98764984351317408606 -1.6343272576734761969 0.99784224897577955549 -0.004127790148245512325 0.065527146093099924995 -0.1160192909298741748 0.0052512075945012563066 -0.98980727644898047757 -0.14231648075303166001 -0.67780692598640035484 0 0 0 1
x 108 1709063868.7741532326 0.071499953004738325824 0.14368413815673433676 -0.9870372968640432898 -1.8179311860457301186 0.99742341999313011147 -0.0044911260635482688763 0.071598535501444571238 -0.10091051152741821462 0.0058546658233163129115 -0.98961340842520739702 -0.14363504191136045041 -0.75371856249459567856 0 0 0 1
x 114 1709063869.1982812881 0.069242925539018257419 0.14496945979247183312 -0.98701027007285402348 -1.9701458016739170631 0.99757357848135974621 -0.0028847411092974548953 0.069560283833673408616 -0.091855977003408251225 0.0072368485242604082414 -0.98943192481257635773 -0.14481745282841954059 -0.82445880469534316148 0 0 0 1
x 122 1709063869.7635433674 0.05820029232787755219 0.14668921196853271227 -0.98746898752060463522 -2.1692589505373955916 0.99830492315111674095 -0.0084775711566317853846 0.057579601685626612129 -0.077081733515289116432 7.4968628513282913614e-05 -0.98914630145824966601 -0.14693396173265904636 -0.91032194817746614479 0 0 0 1
x 130 1709063870.3289294243 0.048267328786572721855 0.14523262307426321183 -0.9882194849528267433 -2.3725454029778658693 0.99883333051037426209 -0.0085013380354300137343 0.047536348665524176538 -0.060290381819133959107 -0.001497358449053912393 -0.98936101208453230971 -0.14547352363850982182 -0.99896044618719292973 0 0 0 1
x 137 1709063870.8236923218 0.049969505003896914908 0.14211896069568147327 -0.98858750237498616009 -2.5588123580498187692 0.99875064995482287777 -0.0075391134198553614795 0.049399395951536702321 -0.043854745779837056574 -0.0004324816535073645646 -0.98982087398798124234 -0.14231813225658726529 -1.0806626338308575885 0 0 0 1
x 144 1709063871.3183262348 0.059022798852205210496 0.14454359797604518501 -0.98773653255084004066 -2.7562942424185190582 0.99825102258359799112 -0.0052284182135229860522 0.058885982071722832443 -0.014083024031344735377 0.0033472928881750491081 -0.98948461926579589498 -0.14459939246142072822 -1.1659834319800321811 0 0 0 1
x 152 1709063871.8837122917 0.05382741241182134595 0.14818445028885135484 -0.98749378660329356627 -2.9781739288543049859 0.99853112598919557819 -0.0018668110099777594085 0.054148913019564468008 0.024893254638387891237 0.0061805634764112889201 -0.98895797865767476331 -0.14806727368385452781 -1.2614949691891963468 0 0 0 1
x 163 1709063872.6453542709 0.040664143565175704664 0.14673909019717132352 -0.98833904460569055317 -3.2765531469316315771 0.99916706770355045997 -0.0026005445140141253066 0.040723547850546035209 0.020908449465409296997 0.0034055174997995271181 -0.98917181335651449547 -0.14672261751705303889 -1.3922210836664945521 0 0 0 1
x 173 1709063873.3121852875 0.038032651826339865242 0.1456361087462184345 -0.98860691960103785902 -3.5576702133417810181 0.99926163295878778214 -0.00014686433728848752658 0.038420914370460683418 0.030228940610099192671 0.0054502821840617049834 -0.98933821419846790235 -0.14553416354350046102 -1.5089405024954847256 0 0 0 1
x 180 1709063873.7788534164 0.040738754267744557713 0.14062690152789236731 -0.98922415494524229551 -3.7458243724664241903 0.99914550973280336077 0.0011743810927316252792 0.041314290132004778677 0.023735309705277995301 0.0069716275749731491593 -0.99006196533465706811 -0.14045889643449291362 -1.5996421741629831548 0 0 0 1
x 188 1709063874.3121674061 0.037395535772280490139 0.14303575077138402927 -0.98901079275396053259 -3.98444595852697514 0.99924660403988907476 0.0049304864930769286627 0.038495635282896477347 0.033500140381159483616 0.010382557268786224772 -0.98970524102580192949 -0.14274361209605662681 -1.6905248747874861426 0 0 0 1
x 196 1709063874.8456392288 0.035642901801371883186 0.1447573588540346512 -0.9888250051735772983 -4.2201026748510779285 0.99928891256065366377 0.0070140302273614596115 0.037046888630986658797 0.048972350635294856214 0.012298459041025137581 -0.98944232285205002686 -0.14440442535702785465 -1.794179653116401596 0 0 0 1
x 205 1709063875.4455392361 0.043373162777370598275 0.14463026907394985199 -0.98853470057695780326 -4.4862521620201327721 0.99887498420481302119 0.01270926692434879747 0.045686320072364505762 0.057307323877245748556 0.019171176924738832226 -0.98940414372126039844 -0.14391631859644898883 -1.9039808075080166816 0 0 0 1
x 216 1709063876.1790463924 0.022793968512780246605 0.13943205869480992942 -0.98996926026969944701 -4.7924666349839224466 0.99969781487879705306 0.005937495925938405042 0.023854234110826454118 0.070337480817003888989 0.0092039841839818559155 -0.99021383898674797397 -0.13925458723708344921 -2.0359615110230411261 0 0 0 1
x 225 1709063876.779014349 -0.00043314443848404421151 0.14491352700649645646 -0.98944422903932860436 -5.0942005639279681617 0.99999889472153891123 -0.0013442982992223038996 -0.00063464947274854055168 0.07199882449418995578 -0.0014220766992138701625 -0.98944341036725291794 -0.14491278657769879334 -2.1663319630253461412 0 0 0 1
x 235 1709063877.4458243847 -0.0025786069405109154559 0.14717257500538627468 -0.98910746850865338686 -5.4356628041861272393 0.9999852936607999121 -0.0043395826439141180209 -0.0032526656056801389258 0.06705801160844139519 -0.0047710159765617351016 -0.98910130974932475301 -0.14715922262200423209 -2.3032235831209182386 0 0 0 1
x 246 1709063878.1792442799 0.018567996564032986789 0.14509843939629182841 -0.98924297959465334884 -5.7915912352087994819 0.99981916979997575989 0.0013682720040077119353 0.018967204404402106949 0.049791249537541687475 0.0041056660518068522139 -0.9894162776756078026 -0.14504679719717772368 -2.4558420185574552086 0 0 0 1
x 256 1709063878.8458263874 0.077809155336668198166 0.14579508623993892025 -0.98625023617346452287 -6.1332772958043078049 0.99657335025222681946 0.016467301555146515724 0.081057910207568334426 0.037002306519179462008 0.028058725918479868189 -0.98917774982610429113 -0.14401419273805027288 -2.607610622890088159 0 0 0 1
x 267 1709063879.5792062283 0.089059862694459507315 0.14463510888670330634 -0.98546893725913309314 -6.510052347501680714 0.99566042704768764615 0.013886204074580179788 0.092018947469713938125 0.0020938031837374922184 0.02699359407663065244 -0.98938761792672103024 -0.14277075280962728265 -2.7702214864269167904 0 0 0 1
x 277 1709063880.2459833622 0.15174439724469512836 0.14931541035304651821 -0.97707653035903718752 -6.8599553472582668334 0.98705854414329508018 0.028970015749321752219 0.15772180551874295795 0.04008053011456090553 0.051856219432018971216 -0.98836513821041549477 -0.14298701591097570662 -2.9158138603873515748 0 0 0 1
x 285 1709063880.7794704437 0.12695918163946207091 0.14694551065276448276 -0.98096298768222978115 -7.14236045189070623 0.99139235477481535419 0.013084204210210722413 0.13026895974894639463 0.10269356622381713151 0.031977559678342919181 -0.98905804704094280044 -0.14401949789776491428 -3.0447546098583182506 0 0 0 1
x 292 1709063881.2459113598 0.076377516773529413596 0.14614783627774527441 -0.98630993357989216186 -7.3894088385016249987 0.99696344434276473745 0.0038640166430378894945 0.07777505635362150227 0.14696784738819174132 0.0151777750041255724 -0.98925521437742758302 -0.14540892822055115352 -3.1416566234465044261 0 0 0 1
x 298 1709063881.6458873749 0.024700309474348314254 0.1403350907404592729 -0.98979591701476232757 -7.6034159049089389271 0.99963037729810610976 -0.014716062220088281173 0.022859258287141633742 0.19359933476208524006 -0.011357941418779351345 -0.9899946967303004941 -0.140646713073546481 -3.2545799821448220257 0 0 0 1
x 304 1709063882.0459473133 -0.00082467461728549828256 0.15944510873195208434 -0.98720645131418149898 -7.8235066125337837661 0.99971826588636858446 -0.023286550854000706567 -0.0045961694606116649045 0.14804638196216421409 -0.023721469190372795888 -0.98693211192758145689 -0.15938098591510221902 -3.2876040909431720749 0 0 0 1
x 311 1709063882.5127563477 -0.046775443258172080818 0.1485704656821395242 -0.98779495597060018586 -8.0739814096062811899 0.99792038603972710309 -0.036954988295652961561 -0.052813174697703302307 0.20419254104441106334 -0.044350428276188263998 -0.98821108331965001881 -0.14653291253059172461 -3.4273382628533419769 0 0 0 1
x 316 1709063882.8462762833 -0.053602842069346595677 0.1482077506633304731 -0.9875025055008365138 -8.2498369397125692615 0.99792192548590230583 -0.027461215054314758177 -0.058289893256014843614 0.22772861778924993748 -0.035757031847626533083 -0.98857490561672645146 -0.1464277668331991078 -3.4904750698618336457 0 0 0 1
x 322 1709063883.2461464405 -0.0030247949243896480806 0.15025328540003488054 -0.98864290881824734569 -8.4643525699845412191 0.99987067448756838939 -0.015161398882384935494 -0.0053633652623049470065 0.25336883498771639589 -0.015795071992433983021 -0.98853127514262995046 -0.15018799568528479194 -3.5860754197412432198 0 0 0 1
x 329 1709063883.7127783298 0.031774130135647893347 0.15883093570189335542 -0.98679437511060330568 -8.7088449383862798214 0.99949507325402686675 -0.0049998590114971510484 0.031378325394470052423 0.28177720880727619157 5.0016806744385986308e-05 -0.98729313533376239498 -0.15890960586332691928 -3.6901890255927001228 0 0 0 1
x 335 1709063884.112906456 0.046511293372111586764 0.15205119018870508207 -0.98727763844236915425 -8.9332634240149566551 0.99890631464690504693 -0.0023476661214754022088 0.046697563244998324672 0.31369372379678572837 0.0047826225740474747478 -0.98836983151007562487 -0.15199408894449739638 -3.8167088115852174646 0 0 0 1
x 341 1709063884.5129754543 0.076832583288194630788 0.15245797360089413663 -0.98531889284958862341 -9.1477739907810793341 0.99688585258561268621 0.0058546968762599963659 0.078640440046183590628 0.35339146457052977857 0.017758106360459127021 -0.98829261287303882266 -0.15153336745413595321 -3.8993241740331439082 0 0 0 1
x 348 1709063884.979486227 0.041335590368194091715 0.14503088467830052566 -0.98856330688505733573 -9.3769269148121487945 0.99913528445973154302 -0.010434277437951751735 0.040246845912247336541 0.38011658907084044934 -0.0044779073668365200825 -0.98937210802181319025 -0.14533678319318821259 -4.0197108241279693175 0 0 0 1
x 354 1709063885.3794872761 -0.0083077520356603633961 0.14783433871956358496 -0.98897724438186773721 -9.5649549758759082607 0.99973455877628214505 -0.020026026113573420356 -0.011391647757841386404 0.40923880313104027406 -0.021489360054182234105 -0.98880936801873353659 -0.14762872822394462746 -4.0830938957837226155 0 0 0 1
x 358 1709063885.6464693546 -0.059913992069324774337 0.1468984560842258591 -0.98733538252738872742 -9.7026173318063495543 0.99721957219233769987 -0.0350987115249229778 -0.065735871097477541203 0.41749378681521032153 -0.044310697038180947571 -0.98852866607042022551 -0.1443871136417211043 -4.1477232475069039097 0 0 0 1
x 363 1709063885.9797172546 -0.01460031962701327686 0.15101207378365952283 -0.98842409145302012607 -9.8680102255092432273 0.99977094224172002868 -0.013266417938598579901 -0.016794778720449723974 0.41446594672958414485 -0.015649060704428941621 -0.98844289437762256068 -0.15078379136694075591 -4.2137341106828571924 0 0 0 1
x 367 1709063886.2462582588 0.08593028109451820995 0.15445555033149668822 -0.98425579495044279721 -10.024065873881760069 0.99589974940884473664 0.014724038010267531673 0.089257443070478642566 0.44818254419777037167 0.028278528044076552128 -0.98789001696370659644 -0.1525570050603507477 -4.2762045793154213058 0 0 0 1
x 372 1709063886.579760313 0.20678592053308736398 0.15455188863830154888 -0.96610211505594767445 -10.206408776851967346 0.97473504056533877282 0.052684898652093040128 0.21706197599349016936 0.49881632611535109412 0.084446331201282767709 -0.98657894531252510184 -0.13975264795566333387 -4.3652326835405039773 0 0 0 1
x 375 1709063886.779648304 0.30707490390599762042 0.15749757647930318072 -0.93856247344559862178 -10.307184576939889098 0.94333871437103478108 0.079955373085559194868 0.32205466552516026635 0.52048211688333978486 0.12576594286479758633 -0.98427722316081178722 -0.12402127443768472259 -4.4138466003383340919 0 0 0 1
x 377 1709063886.9130263329 0.33566446283170220388 0.1575507963649367682 -0.92871261146124206576 -10.351350775651349423 0.93239310232790739708 0.084743824375253670733 0.35137100945694427212 0.53381717041049636663 0.13406144160945984711 -0.98386799477344166753 -0.1184537871003119025 -4.4265884072535275351 0 0 0 1
x 380 1709063887.1130282879 0.33971515884346853431 0.15748503279742767647 -0.92724973713850600276 -10.461728067959784383 0.93078958640513376199 0.085213376776561738923 0.3554847754298767204 0.53646890628009569202 0.13499761354711994898 -0.98383796696058445352 -0.11763715430268212314 -4.4733191916667305321 0 0 0 1
x 385 1709063887.4462893009 0.33596701186148070217 0.15485372012142301079 -0.9290567754671006373 -10.617332594562736148 0.93268153364830952423 0.082775259633572767504 0.35107465371219692685 0.58969631961234592055 0.13126813279768506648 -0.98446360121944520571 -0.11661945015666819181 -4.5539119809450472331 0 0 0 1
x 392 1709063887.91304636 0.33041517959265237492 0.15480354342946975321 -0.93105406491285025439 -10.847257362887180676 0.93525942182558174931 0.078979324583862114961 0.34503924334103180938 0.6831419015131967587 0.12694731951294943584 -0.98478329068606784702 -0.1186855063986026193 -4.6580481506495363675 0 0 0 1
x 396 1709063888.1796762943 0.2706830887365714311 0.15059274594398308622 -0.95081674901102741782 -10.970547828506362009 0.95714426766191751383 0.063558977990404372238 0.28255106881304553612 0.7410765190880258535 0.10298308297307884329 -0.9865505975068395994 -0.12693464473023727268 -4.7154175468655763481 0 0 0 1
x 402 1709063888.5798082352 0.27061769613135205903 0.15151010723409760739 -0.9506896180153768805 -11.180499517935526654 0.95685205469266887413 0.06623059461932102876 0.28292693945531083299 0.8641833687927291674 0.10583103045558882316 -0.98623435145088877984 -0.1270495881632020263 -4.8063542682226003677 0 0 0 1
x 407 1709063888.9134383202 0.30619938942676538929 0.16089986878667936199 -0.93827137114449565836 -11.318653653510684975 0.94313209507454265346 0.082698138813447646944 0.32196718513195826672 0.93523425084041256206 0.12939777475794789208 -0.98350000022785377674 -0.1264277123281795645 -4.8615697675018694213 0 0 0 1
x 413 1709063889.3131444454 0.41395637414374186758 0.16972650450107990006 -0.89433384905744428561 -11.505450505319421595 0.89333946022824883837 0.11300444651255826811 0.43494206877367846964 1.0648712644833708829 0.17488489936901457922 -0.97899076054866585039 -0.10484447442334378364 -4.9364615797965454291 0 0 0 1
x 418 1709063889.6465272903 0.35777234498430959819 0.15998764690551292578 -0.9200015770132539128 -11.566492981121738737 0.92354550688486114485 0.085045270252043128623 0.37393983213322223857 1.09138417284795608 0.13806753736686430689 -0.98344865408667392348 -0.11732902820901545959 -4.9572414365114632062 0 0 0 1
x 421 1709063889.8466024399 0.27216256820116996318 0.15203541639277068365 -0.9501646007317282594 -11.632512463541004877 0.95626195972020477942 0.067266178618527516786 0.28467231157668249075 1.1622047424341415134 0.10719421597571850147 -0.98608341104737295968 -0.12707835100828682173 -4.9945719327270774457 0 0 0 1
x 426 1709063890.1799073219 0.26074331644609377578 0.15393153275442914008 -0.95305718926067584107 -11.780455044996127612 0.9594511474991171962 0.068180957814710271836 0.27350475648659400285 1.2656034010179237903 0.10708135924271865169 -0.98572635171329703319 -0.12991205842851910601 -5.0581663856301268822 0 0 0 1
x 435 1709063890.779853344 0.28444343679445205364 0.15693847812540809294 -0.9457601414486118685 -12.110913538684972224 0.95151678497370373311 0.07426223484341015757 0.29849778514026859 1.4090475253149898904 0.11708005065925194965 -0.9848123855821827588 -0.12820619248937986656 -5.2056387548626030792 0 0 0 1
x 441 1709063891.1799852848 0.29214442125358597302 0.15798343202414830144 -0.94323532171019208725 -12.314692143001158442 0.94854322261947510153 0.078089482389684744534 0.30686770257437762099 1.5186341753575169911 0.12213677169118487831 -0.98434915970567915533 -0.12704070875756187653 -5.294309076930797886 0 0 0 1
x 447 1709063891.5800032616 0.34465476597477584519 0.16629194417453524446 -0.92388315348805594152 -12.564032616697446088 0.92795911120085861068 0.088304243999755033245 0.36206939626935269461 1.5900553487169539757 0.14179202803533894062 -0.98211473372606750143 -0.12387764767859749115 -5.3913773382617282692 0 0 0 1
x 454 1709063892.0466253757 0.38425057073654395046 0.16624581993765666366 -0.90813755889870162452 -12.804002219749685665 0.90940290733142414847 0.10144104455689505195 0.40335600390646203506 1.7131234170558811147 0.15917867296646781572 -0.98085271183924083171 -0.11220565421855654975 -5.5096968257972838146 0 0 0 1
x 461 1709063892.5133943558 0.43670306329923208599 0.17093697623979930977 -0.88321627262974988781 -13.080945256404023169 0.88011704704305504521 0.12206794528605653671 0.45879559674775716172 1.8499272143425600223 0.18623752840318194557 -0.97769114110566113229 -0.097137102497342836527 -5.6336853691301769231 0 0 0 1
x 468 1709063892.9800252914 0.46985825585337359644 0.17091910259198661581 -0.8660368810216692026 -13.308181324445536475 0.85989857272631764484 0.13312307888801033773 0.49280086226746883105 2.0035525590075877744 0.19951857791314811519 -0.97625043242696651902 -0.084424116095870263554 -5.73935906496451409 0 0 0 1
x 476 1709063893.5134992599 0.4496689209486700034 0.1679527562979410138 -0.87726263612474919551 -13.575621787716515954 0.87272160479777094455 0.126467914947258675 0.47155367290228794586 2.1920252550518242174 0.19014431629066363971 -0.97764908766901925663 -0.089707309551612407494 -5.8521168738966595768 0 0 0 1
x 483 1709063893.9802033901 0.43159860177538073023 0.16852186972705524015 -0.8861845326641607512 -13.812244051321904692 0.88205585877935344108 0.12692852054307385279 0.45372526048857153569 2.3866878350316702573 0.18894472165843492761 -0.97749144784916641715 -0.093863531978804329303 -5.9520107232078203197 0 0 0 1
x 491 1709063894.5134294033 0.37791546973834649892 0.15966767132517875605 -0.91196827365344246275 -14.069736439243621717 0.91027711222447849071 0.11576888968464385532 0.39748351218967648002 2.5897769593908641639 0.16904282200924591884 -0.98035901553634086092 -0.10159097390110433112 -6.0649777337609656058 0 0 0 1
x 499 1709063895.0468254089 0.34818473854140497004 0.15874934569843185406 -0.92388637440907173115 -14.330290588871365642 0.92375368415972014535 0.10960622354937908651 0.36696812677851753381 2.7835299013786030109 0.15951964726678719009 -0.98121614406995538715 -0.10848208013334230404 -6.1748356383521123547 0 0 0 1
x 506 1709063895.5136983395 0.37299244248982937888 0.16626909386243851618 -0.9128150009409479182 -14.562026284254919517 0.91079032331889042684 0.12209171078196831561 0.39440410807332759724 2.9642046155521541984 0.17702435950026088052 -0.97849282213755994775 -0.10589699778320012247 -6.2686942746229181722 0 0 0 1
x 511 1709063895.847006321 0.41721917607039443743 0.16713035193642900023 -0.89330599695586443421 -14.738314052577518254 0.88825154861745647672 0.13287780267233489928 0.43971885940616001198 3.0850292510268224611 0.19219090644038894222 -0.97693957616005566713 -0.093014627965042215307 -6.349069610327458868 0 0 0 1
x 518 1709063896.3136913776 0.46433508476758211803 0.17911035888309656539 -0.86735944564006217661 -14.996345982003552066 0.85906871241526194805 0.1470898660437357508 0.49027086188313195869 3.2529428739251287084 0.21539237538146202566 -0.97277132524296217042 -0.085569121247019222509 -6.4547170010179408806 0 0 0 1
x 526 1709063896.8470673561 0.51416505068568663095 0.19470816932498552498 -0.83529816764515707472 -15.26394856446782633 0.82311677969637842001 0.161708666787566957 0.54436116081759267082 3.4139598670632529398 0.24106651880902479901 -0.96743942269602245521 -0.077122617722696448772 -6.5582662134152673872 0 0 0 1
x 531 1709063897.1805422306 0.58483783441310166484 0.20663432024928388153 -0.78438954893901036147 -15.422751351853806412 0.7642939620028345038 0.18352578373458944272 0.61820144432412726943 3.518569598802824494 0.27169734253633043286 -0.9610517911026609239 -0.050596542496573471137 -6.6395581764953259807 0 0 0 1
x 538 1709063897.6470212936 0.61982348552591459701 0.2103179685974128077 -0.75603253777568490968 -15.642495982471308125 0.73310267699623143933 0.18851956216992402093 0.65346831529607807276 3.7280725532440865955 0.27996305219074163473 -0.95928448731820048501 -0.037335814750017320973 -6.7348251299679411375 0 0 0 1
x 546 1709063898.1803922653 0.65326064496571534246 0.21924835219895219551 -0.72469351386305635998 -15.886003730868681671 0.69674702402383104083 0.20049644411626957319 0.68872691236233540835 4.012713790918595258 0.29630071379012973276 -0.95484623732345430547 -0.021784201547240589214 -6.8235095722713801081 0 0 0 1
x 554 1709063898.7137663364 0.66673601878885113692 0.21889064859372223126 -0.71242540972662937726 -16.1197440826603966 0.68352733823757350073 0.20143215052651294861 0.70158069100450359823 4.2934976125584682904 0.29707483539883910995 -0.95473136207675202147 -0.015315673319980706996 -6.919799723751799192 0 0 0 1
x 561 1709063899.1804003716 0.65532707437942416817 0.21489754168556560177 -0.72413083859857485525 -16.354565765126672261 0.69615064509731150455 0.2001963218559593416 0.6894169358688736482 4.5274720829180061799 0.29312233569364626318 -0.95589773524547894112 -0.018406993413165262385 -7.0232748226381325196 0 0 0 1
x 568 1709063899.6471583843 0.65106332763689223064 0.21270560354763953792 -0.72861023110870437591 -16.553252818234305721 0.70065644466938314938 0.20072398858934972776 0.68468271946556114038 4.7603328292532873789 0.29188540335206586418 -0.95627726502484844406 -0.018349525046029668135 -7.1042226886206796266 0 0 0 1
x 576 1709063900.1806752682 0.6553814441996075324 0.2124707278566522195 -0.72479745562447406293 -16.76754744824508947 0.6953477327660322338 0.20494647170626351107 0.68883123742511198628 5.0049956546142979619 0.29490115615274575811 -0.95543347990280103055 -0.013422925294774680841 -7.1926249479714821078 0 0 0 1
x 584 1709063900.7140533924 0.6755038407221335417 0.2169180955864025151 -0.70472767807797209727 -16.973424455899152719 0.67147458851103936084 0.21392590429682775688 0.70947697908888640583 5.2341970378123123808 0.30465790148114307856 -0.95246115315888946196 -0.0011472199503384547352 -7.2774777121562737037 0 0 0 1
x 592 1709063901.2473883629 0.69207347065487201387 0.22367306807995332441 -0.68629779912106525508 -17.188018902186346537 0.6502563854623114592 0.21957638247329533399 0.72729144425613145852 5.5032432203255341463 0.31337029722836112766 -0.9496086414201930781 0.0065181473877533886024 -7.3680156107405236909 0 0 0 1
x 599 1709063901.7139613628 0.7132177368971869269 0.22803144204125677663 -0.66281379016851460495 -17.363264247319818878 0.62397874317835255731 0.22424099762290389259 0.7485763171261776705 5.7519672385810070026 0.31932896306437641432 -0.94747962374505523275 0.017645883341543270456 -7.4418551719637244801 0 0 0 1
x 607 1709063902.2473552227 0.71684222427922672516 0.22649375947958463873 -0.65942232420816770944 -17.548859354484587669 0.61991795012345696225 0.22583381550551245853 0.75146578261613627969 6.015966302110147268 0.31912217016943539294 -0.9474701396959892552 0.021479666663987703051 -7.5207525630827918306 0 0 0 1
x 616 1709063902.8474333286 0.71450787417491079534 0.22894973628674136767 -0.66110552503895037013 -17.749215399592706888 0.62165952031644899911 0.22574247311048181719 0.7500531822115031888 6.3013654466652901931 0.32096407492850048682 -0.94690144949701138266 0.018965990437915178357 -7.5952715394313887742 0 0 0 1
x 625 1709063903.447365284 0.70961202731581252134 0.22589831530471565779 -0.66739847248569894589 -17.971042245980825669 0.62855303496129311114 0.22506861955309095946 0.74448989130014608939 6.6154007971941526378 0.3183894655506813165 -0.94779431766507071799 0.017722326835168011189 -7.6835292982660972072 0 0 0 1
x 632 1709063903.9142212868 0.70894278290478995874 0.22682516599866597851 -0.6677952334994695649 -18.143827468906383871 0.62789777371607091716 0.22818680606623564788 0.74409352021377650477 6.8688060200882050665 0.32116119812147436718 -0.94682687253926312021 0.019348371676631202082 -7.7558009810963648434 0 0 0 1
x 639 1709063904.3807973862 0.72365466919903864706 0.22921207562050466278 -0.65098828205732595098 -18.312768468037830871 0.60866403835272109291 0.232696860769682351 0.75853823826895849791 7.1342100182587380175 0.3253490540819617971 -0.94515289576922789649 0.028879021367666408981 -7.8189253902666884244 0 0 0 1
x 647 1709063904.9141683578 0.7423380540927608795 0.23429651074786267406 -0.62772554330351026941 -18.504228211918427149 0.58405035987087039473 0.23285560004549651913 0.77760108421167106751 7.4190602363556026333 0.32835862923387465484 -0.94386620642545848714 0.036016610780589312923 -7.8922783876736843922 0 0 0 1
x 655 1709063905.4475302696 0.73683353919532446064 0.23638733625056115861 -0.63340142250030095905 -18.686578815149889721 0.59041387143752910305 0.23144782645261355314 0.77320331319385415814 7.7063423219185134272 0.32937485448795406073 -0.94369112103782260004 0.030972157945880436636 -7.9659090430234043012 0 0 0 1
x 663 1709063905.9809162617 0.74874028002020798223 0.24255415081019487955 -0.61689178645287046088 -18.847460603768134035 0.57317451663758833824 0.23055450841405400464 0.78633045953516167437 8.001759490003431452 0.33295489982160686449 -0.94234394129575005383 0.033599588232729633852 -8.0256486803133064711 0 0 0 1
x 672 1709063906.5809063911 0.74794939702327833952 0.23766624710742395576 -0.61974708847141923851 -19.03614345131292751 0.57514447178131489213 0.2340202216501667265 0.78386438365776900383 8.3267865409147088229 0.33133145770728428259 -0.9427350061960432237 0.038342854702316658821 -8.1166385584725215807 0 0 0 1
x 683 1709063907.3143553734 0.7308359443015270962 0.23012505325366264253 -0.64258951252730389658 -19.258762616885007901 0.59982495193673102118 0.2327190842908606061 0.76554023692025363612 8.733310381424431057 0.32571283113629662109 -0.94492554664504890827 0.032044721867305586693 -8.1953864299290319906 0 0 0 1
x 694 1709063908.0477142334 0.7255483381640227547 0.23073550143123899847 -0.64833690058833060021 -19.522426204353067192 0.60460780141852366043 0.23623613929373180054 0.76068514676475151859 9.1615134016985493304 0.32867767553134685787 -0.94390339324854921621 0.031896253233596932875 -8.2982547438890925662 0 0 0 1
x 704 1709063908.7144882679 0.74040159931306759322 0.23860002176722205913 -0.62839120031113360199 -19.741290403513097829 0.58180941511969852531 0.24067346576592821283 0.77690030691074773994 9.5577201723466007621 0.33660551855091042084 -0.94082214763170290972 0.039375279070581366281 -8.3877102258850513294 0 0 0 1
x 713 1709063909.3146083355 0.77179263781379314757 0.24893364668064377199 -0.5851223487011079083 -19.937680822965653249 0.53212090172344750361 0.25091887172280674667 0.80863283717581568855 9.9235744461269987937 0.34811416087821839271 -0.93545270346513609283 0.061194540576712211366 -8.4585796855452084486 0 0 0 1
x 722 1709063909.9144804478 0.7804782219292141221 0.25100586527205431819 -0.57258169711431972093 -20.122514689035813973 0.51714793623624943919 0.25543144859942068514 0.81689215121809655162 10.265231392382119679 0.35130009390976718597 -0.93367597791452683342 0.069551516867189230875 -8.5142580656713544585 0 0 0 1
x 730 1709063910.4479162693 0.78115027580556317677 0.24964970134851363626 -0.57225804708244343288 -20.290843413980720555 0.51575133330147004962 0.25852845642153488015 0.8168008319296257147 10.555776723569424647 0.35185907365594598639 -0.93318704708740807252 0.073192407982435203628 -8.5879806889560814653 0 0 0 1
x 737 1709063910.9145143032 0.79606095029300150134 0.25848305325501336194 -0.54724169595433447277 -20.428256396944469486 0.48654807653955117752 0.264434417458861315 0.83267365020799000153 10.830196735013828402 0.35994156683835237809 -0.92911837301187849558 0.084741480571575794611 -8.6404112717207937067 0 0 0 1
x 745 1709063911.4479284286 0.82188739662345933201 0.27366004250066577885 -0.49961113634499476621 -20.561158038368677836 0.43204983498319926571 0.27214081997131844837 0.85980946367434774036 11.147118732755449955 0.37126007890163831293 -0.92252347201588891235 0.10543433319448115848 -8.680428833615460249 0 0 0 1
x 752 1709063911.9147894382 0.84321675433121312526 0.28342479697045008802 -0.45678866973835907661 -20.664180045030320798 0.38362014238686137357 0.27801350297423255142 0.8806498045151597287 11.4382496326381915 0.37659141041786969861 -0.9178120057111526231 0.1256981820651997539 -8.7083334992514824791 0 0 0 1
x 760 1709063912.4480762482 0.82662766042649227227 0.27373415900347081164 -0.4916872180243686552 -20.768701142252783853 0.42297175293062466706 0.2740899799389358571 0.8636953043640893668 11.771031301205729491 0.3711894477190260111 -0.92192423454113325842 0.11078854115397163138 -8.7433438542219032996 0 0 0 1
x 767 1709063912.9146823883 0.81006602414136830159 0.26705573859815012749 -0.52199067824305278585 -20.871108404968357064 0.45593729556418916005 0.27285528827645394445 0.84715475198650247446 12.07771778661967943 0.36866545523515531491 -0.92424630119560291508 0.099270126641035821846 -8.7789995582521225259 0 0 0 1
x 773 1709063913.3146903515 0.7811567409537769624 0.25756623216183388569 -0.56872997225564636548 -20.968970981549986732 0.50951801141768993109 0.26344666995252147279 0.8191381127525574346 12.31557964956980733 0.36081233491759601151 -0.92965342421123531302 0.074558506974243765608 -8.8057752112896618968 0 0 0 1
x 780 1709063913.7815792561 0.75250055603877052945 0.25622905692862091298 -0.60670386743441007127 -21.095689158511003569 0.55383795481482489542 0.25229232291540698574 0.79348100370777330248 12.605238095442880208 0.35637961763863074127 -0.93311052675529271294 0.047940735669465633917 -8.8364500571148365538 0 0 0 1
x 787 1709063914.2480962276 0.76428193455715398574 0.26392244711670087565 -0.5884029788898335056 -21.232552505158270861 0.53183356588211472271 0.25808354125253679667 0.80656428361280196881 12.935643739707783695 0.36472754429064307979 -0.92937496665983920785 0.056885771231903706213 -8.8862595631167469179 0 0 0 1
x 792 1709063914.5814702511 0.79026570243341143218 0.27517788237078777414 -0.5475009148123362035 -21.332556857512326332 0.48415138152720643694 0.26727812582330739977 0.8331625549510736084 13.168690636680608463 0.37560292622474211743 -0.92349311720468674203 0.077992983191244355523 -8.9244615888054141806 0 0 0 1
x 799 1709063915.0482382774 0.81113489449192932579 0.29151932377256245532 -0.50702728320066448031 -21.470065246197993503 0.43550442860460591987 0.27759143458738211319 0.8563170486850445462 13.470852262507815311 0.39037939811409061441 -0.91540126741150995571 0.098206141789702550149 -8.9640193445224287672 0 0 0 1
x 805 1709063915.44835639 0.83263663788152897371 0.30494900192601370748 -0.46230112976828030558 -21.558809796232818456 0.38316556894225090035 0.28551683309913478137 0.87844424099316309462 13.730615734918080406 0.39987544921772771866 -0.90856273608117954499 0.12088581750722522667 -8.9864610372852453679 0 0 0 1
x 811 1709063915.8482413292 0.85183702408264683203 0.31785245285419538863 -0.41634541153263193713 -21.636962817088232214 0.32744309415440181477 0.29726969629596178279 0.89689004205841038608 14.01960398972104116 0.40884557397953025237 -0.90033357543856140648 0.14914674216636755744 -9.0197949082908799312 0 0 0 1
x 818 1709063916.3148844242 0.84488146129422736497 0.30711654780037633827 -0.43801226183500507894 -21.716227771084501086 0.35352879221669714083 0.29396001553989475896 0.88803429106687281624 14.338293650666933843 0.4014881172466995829 -0.90513365670646583894 0.13978682464566999366 -9.0450685952680345281 0 0 0 1
x 824 1709063916.7150182724 0.82298526257610848944 0.29820848811805272804 -0.48349452372506501741 -21.795053691668979212 0.4037982604346190274 0.29154692019676908821 0.86714898251119765238 14.602496052002218008 0.39955252653657086226 -0.90888508183158089881 0.11952274934314217891 -9.0606356947607391561 0 0 0 1
x 829 1709063917.0482692719 0.80630014520606674289 0.29138209294104194802 -0.51475873091133661497 -21.867812337861504801 0.44108564396397215157 0.2836481065798325818 0.85146180536420112972 14.820876404406018167 0.3941110624720013389 -0.91358646472377080805 0.10018105082167634567 -9.0766109535671528619 0 0 0 1
x 834 1709063917.3816242218 0.78907146760176205547 0.28849199676982800744 -0.54234544908454163092 -21.944130084749779996 0.4721111593246867244 0.28007145057223009621 0.83586544101460691358 15.037999676935065452 0.39303596696107667707 -0.91560491004378519175 0.084796098881110129608 -9.0946953478517933434 0 0 0 1
x 839 1709063917.7150332928 0.78684932461319212482 0.28822226276752566099 -0.54570694231827077125 -22.015846260658619826 0.47677241032065698079 0.27756603489561304521 0.83405345437118871832 15.24399647947588754 0.39186248631256598296 -0.9164524125152651024 0.080986223540209414939 -9.1172253595915577762 0 0 0 1
x 844 1709063918.048412323 0.79639025966131782308 0.30114593933825917205 -0.52447466738046411017 -22.097295120163245485 0.44999312151010978367 0.28433825609296747849 0.84655652289848359882 15.459100557914016605 0.40406527179791201787 -0.91019936295864578568 0.090930615652758575718 -9.1337389352669760001 0 0 0 1
x 847 1709063918.2485394478 0.81963212653700712185 0.31456458108002660623 -0.47880298731726633754 -22.147354642569847982 0.39727508995098975708 0.29008007436606925156 0.87064691644935265913 15.590016368220565468 0.41276588888092269336 -0.90382668461139437088 0.11279027534584368242 -9.1461096444216796186 0 0 0 1
x 851 1709063918.515055418 0.83972727283650838714 0.32302887521838519191 -0.43647503053904923576 -22.224916615396974606 0.35022641567539786189 0.29208181000130695182 0.8899604899921931267 15.772080179916468268 0.41496935313427729675 -0.90018918183754981222 0.1321358160756688771 -9.1572352109036518897 0 0 0 1
x 855 1709063918.7818112373 0.84941414063115283639 0.32892949029307610997 -0.41267542607569251967 -22.275229019283099063 0.32240709473517326078 0.29563254803186067576 0.89925250157589442512 15.938674029646962893 0.41779095482464456701 -0.89688727722878647253 0.14506526481063133915 -9.1632400926341066594 0 0 0 1
x 860 1709063919.1150672436 0.854709724048436148 0.3380361645976400764 -0.39395791436414107078 -22.344966685525484706 0.29934819230511350296 0.29906548878609651165 0.9060631837717482151 16.159341939632732021 0.42410133982804648634 -0.89235160438762384238 0.15442366608815621953 -9.1692697599064132419 0 0 0 1
x 865 1709063919.4484462738 0.85236870805367970227 0.34109052343758394787 -0.39638975719184449398 -22.38470205031503113 0.30016715932542387124 0.30157355624386289472 0.90496025683103664683 16.370567359352939718 0.42821403651085593323 -0.89034299345992939934 0.1546676885147582059 -9.1660470573267573968 0 0 0 1
x 870 1709063919.781822443 0.85419452350071956026 0.34464704842207882773 -0.38932008341024487708 -22.424679437560236295 0.29140683839790276766 0.30279149705067182063 0.90741355709100712801 16.572115125496260646 0.43062021510119380396 -0.88855822676855134024 0.15821033130959671897 -9.1647634049228017261 0 0 0 1
x 874 1709063920.0485384464 0.85332639413605748668 0.34578101820140655365 -0.39021731357400124551 -22.45274416192938105 0.29254957891985550189 0.30196168787030164271 0.90732236978885272283 16.732274148823076843 0.43156553158301513839 -0.88840003799391398243 0.15651378649945763 -9.1609767805801176621 0 0 0 1
x 880 1709063920.4486632347 0.84661883737286713902 0.34384888506631922089 -0.40620744424022559027 -22.506894571814843431 0.31059249182789627763 0.30057367930526335265 0.90176924268510127991 16.99421100883480662 0.43216761483465709892 -0.88961981125795941416 0.14767445638816095732 -9.1604216372281506153 0 0 0 1
x 888 1709063920.9819383621 0.83644502806728882049 0.34021769609435187354 -0.42966455934983754927 -22.575180893318119502 0.3348664849843684399 0.3033530885698142443 0.8920994006479694427 17.333406848060800343 0.43384807399544905726 -0.89007237006381190181 0.13981067812153469276 -9.1766941394818051236 0 0 0 1
x 896 1709063921.515304327 0.83325325481211776069 0.34472649496797802549 -0.43226456756542497306 -22.652576015374307872 0.33634347331517333579 0.30446983778933645048 0.89116282776278332722 17.652375382940952875 0.43881896091054661824 -0.88795369388201150773 0.1377539761855157141 -9.1877337417314919321 0 0 0 1
x 903 1709063921.9822013378 0.8324978002728148363 0.35126955653359182019 -0.42843565502950264889 -22.72999469013881324 0.33331699206119225209 0.3001502160547229181 0.89376150645816254681 17.91048415618530143 0.44254626253516482493 -0.88685937293378858115 0.13279028212907639794 -9.1826174143077423651 0 0 0 1
