x 294 1689804920.9015583992 1 -7.972648248125067319e-14 5.601567597379373638e-12 2.6814772749559656e-13 7.972648248125067319e-14 1 -3.0760220825725505696e-12 -1.357828112154549355e-13 -5.601567597379373638e-12 3.0760220825725505696e-12 1 -1.9133590925590549947e-14 0 0 0 1
x 311 1689804921.7515583038 0.99962283536734941602 -0.0047934569893293343598 0.027040890928977798918 0.078963379116589738071 0.0049258832696144668611 0.9999761896958443419 -0.0048327751235481093348 -0.055792987279498197639 -0.027017081377446315604 0.0049641526439164734147 0.99962264605318551514 1.3476616761894399943 0 0 0 1
x 315 1689804921.9515602589 0.9993757867911546855 -0.0037027762115616714642 0.035132979149045805156 0.10358144317824596881 0.0039816022052640573717 0.99996110688309425285 -0.0078696610483450189777 -0.07103074661022379388 -0.035102473124257668746 0.0080046342492268423435 0.9993516609337756984 1.7428939154915155108 0 0 0 1
x 318 1689804922.1015582085 0.99916611648054243222 -0.0018199118562874862411 0.040789209333182883943 0.12543590975741350513 0.0022568730115001354314 0.99994053579600328252 -0.010669179734717107455 -0.080203291597626291676 -0.040767366868622159637 0.010752338947274682479 0.99911080917271732904 2.0584452498902514606 0 0 0 1
x 321 1689804922.2515583038 0.99892083298146883141 -0.003770094590000587758 0.046292070837136725658 0.1535229938263824867 0.0042909429235473573599 0.99992855047849393824 -0.01115713882701111978 -0.095513020218338268164 -0.046246699822094283761 0.011343735044542805832 0.99886563782663195799 2.3850493356240165532 0 0 0 1
x 324 1689804922.4015583992 0.9986402228264238401 -0.0078479516944887466046 0.051537510682909952464 0.18759913954203363828 0.0084300901203681055662 0.99990299262858006735 -0.011087782148486652681 -0.11250545484326308909 -0.051445494785768729196 0.011507171095051921261 0.99860950630345823864 2.7265395518479165204 0 0 0 1
x 327 1689804922.5515582561 0.99834521646660312477 -0.010111771235886947429 0.056609017309297168796 0.22224669781326902851 0.010793860647526467081 0.99987263220871602787 -0.011756357103150191779 -0.12684492928373286569 -0.056482929550201246838 0.012347932721233131209 0.99832720449106238103 3.0784970219954184145 0 0 0 1
x 330 1689804922.7015583515 0.99809692981848752158 -0.008443264767935824977 0.061083794634648046207 0.24884530027036902422 0.0091581088257365380473 0.99989271130904777696 -0.011432187619916057628 -0.14203140627953089736 -0.060980716047331635921 0.011969843403300187493 0.99806716964303321404 3.4399403130976469178 0 0 0 1
x 333 1689804922.8515582085 0.99784784322570629911 -0.009547010336803709793 0.064873233027458607203 0.28509317072627077261 0.010229833565536528006 0.99989563464482322797 -0.010201486335194770438 -0.15773520960207160213 -0.064769068813959371211 0.010843173513999783061 0.99784136680792978602 3.8184074987195324447 0 0 0 1
x 336 1689804923.0015583038 0.99761885197408262105 -0.011493784045988090017 0.068003816909180822559 0.32202580959845805708 0.011968221792169476958 0.99990677218813572846 -0.0065733248388226608178 -0.17222523799381314613 -0.067921924685970413993 0.0073715575428421461698 0.9976634063081327719 4.2124154466854246692 0 0 0 1
x 339 1689804923.1515583992 0.99746178986573241776 -0.013165302244691231073 0.069976085734022364093 0.36045675030192880772 0.013383655513160773801 0.99990691679956900106 -0.002652451976030765872 -0.18918276281667859018 -0.069934651804054601132 0.0035822553211681332219 0.9975451427999936227 4.6056128661857984596 0 0 0 1
x 342 1689804923.3015582561 0.99738543048269467928 -0.015308613227442292859 0.070625416260031187443 0.40004653970486464543 0.015400227007845334465 0.99988112606546142302 -0.00075282545875071378398 -0.20397578620745307476 -0.070605496025146166628 0.001838504587182464246 0.99750262347119955653 5.0176197193366132154 0 0 0 1
x 345 1689804923.4515583515 0.99742537040166800999 -0.016985726584539510148 0.069671483201453318634 0.43299187317904092032 0.017207729046434225989 0.99984858814520527481 -0.002587439874326171764 -0.22546072297686714503 -0.069616984566696293868 0.0037796661802356290409 0.99756663415704027731 5.4224053413001183088 0 0 0 1
x 348 1689804923.6015582085 0.99762422042931797606 -0.017606420269767025788 0.066602768546661528237 0.46530126494780454927 0.017749479299334569582 0.99984125362702047646 -0.0015567691385721836236 -0.24253580931740542637 -0.066564786467007641679 0.0027352350598538197404 0.99777835599484132612 5.8566158361266813515 0 0 0 1
x 351 1689804923.7515573502 0.99782159303955220153 -0.016651938464860776418 0.063834014517125559074 0.49011474265445259535 0.016431315672433621095 0.99985707691814262876 0.0039796484744797668009 -0.25306469952798898992 -0.063891160024552223762 -0.0029221023373732241818 0.99795259455980545038 6.2951351599640803514 0 0 0 1
x 354 1689804923.9015583992 0.99791075461857303708 -0.020423741226951296762 0.061294344036669237696 0.52726464893498126152 0.020023075922626788758 0.99977399480256556874 0.0071439307889078111982 -0.2681261658397507408 -0.061426396990119515318 -0.0059017040602279951383 0.99809416772266412732 6.7509833039091073914 0 0 0 1
x 358 1689804924.1015582085 0.99796404798932047964 -0.023344034069949243931 0.059353306513713996462 0.57482066482585991718 0.023276499330427757178 0.99972739240006491812 0.0018290609304004545703 -0.2920922772736468942 -0.059379824011952409002 -0.00044379985079635750301 0.99823536279877544963 7.379657371142108957 0 0 0 1
x 361 1689804924.2515583038 0.9980317994648142399 -0.022843922112040115913 0.058401048616990955398 0.60854517974466393326 0.022961658179692673309 0.99973544076435783001 -0.0013456349186972990737 -0.31160518345583854138 -0.05835485850093417165 0.0026839713550091143929 0.99829229526582130561 7.8696045239333605181 0 0 0 1
x 365 1689804924.4515612125 0.99814210179242146559 -0.020405919996458448534 0.057410304462742568765 0.64787206315329215478 0.020411830746820406463 0.99979153996336889154 0.00048351136308676003882 -0.33986811369152630791 -0.05740820320276376898 0.00068923636962497827462 0.998350551238519901 8.5445228931149461715 0 0 0 1
x 368 1689804924.6015582085 0.99804270281848528334 -0.023291418889681513721 0.058036825868396833827 0.68533444729830483855 0.023678990028413747504 0.99970161303425619792 -0.0059991939409016724338 -0.35460379821103804598 -0.057879778696946597438 0.0073617051565283359374 0.99829641716034467347 9.0639399457700253748 0 0 0 1
x 371 1689804924.7515583038 0.99803511732133387557 -0.024033784376678173772 0.057864339639592990427 0.72442126571350751174 0.024760027949250536239 0.99962299113738539713 -0.01186661727275500032 -0.36688412075344456476 -0.057557324549905579392 0.013276023428762672579 0.99825392640979648817 9.6014776090439397649 0 0 0 1
x 374 1689804924.9015583992 0.99809598039635827327 -0.021866742851758200206 0.057673732961266044317 0.76087530718926066342 0.022328739740623698012 0.99972345636834314409 -0.0073782225860298715839 -0.38414343108926951587 -0.057496445961709982675 0.0086519560787483833914 0.99830822011930964166 10.159517636239595362 0 0 0 1
x 376 1689804925.0015583038 0.99803890249906379584 -0.025294216688273311183 0.057258638654708510218 0.78802248126787832749 0.025324803186922220655 0.99967925739791452244 0.00019149908157024340244 -0.40005398658404178747 -0.057245117189219360543 0.0012589402214816453659 0.99835935996389169045 10.548617016646796074 0 0 0 1
x 378 1689804925.1015582085 0.99785012475671841514 -0.031993613295999666357 0.057197353358941931123 0.82540132655861930822 0.031756753995263689583 0.99948289214376662137 0.0050454819012634693348 -0.41812699108561951489 -0.057329199355005244776 -0.0032182324648334223113 0.99835014192472382177 10.91876694850786933 0 0 0 1
x 380 1689804925.2015583515 0.99762368630540909642 -0.038463063494707121215 0.05716269123307711475 0.85941250445005135106 0.037948755239325275557 0.99922908609263683122 0.01005611665899408709 -0.42309738705953336968 -0.057505412772988311054 -0.0078629671928377494611 0.99831422971363692476 11.323317790067839894 0 0 0 1
x 382 1689804925.3015582561 0.99759725195436599332 -0.039671518648302858678 0.056796949752909768605 0.88965219143521589995 0.03881696372756122948 0.99911708994218595414 0.01607121378213366078 -0.43325292530049397399 -0.057384372611978547163 -0.013827913566232856446 0.99825639120735643051 11.72814824911150744 0 0 0 1
x 387 1689804925.5515582561 0.99812086036712022175 -0.017032745556167003254 0.058861138952778967182 0.92432022751728237786 0.016547048377851078516 0.99982498285527432458 0.0087291951766008853142 -0.46776775515421903373 -0.058999519404657307931 -0.0077388136861543345077 0.99822801376877368096 12.72272865717307333 0 0 0 1
x 390 1689804925.7015583515 0.99825286374621480245 -0.012165379323552613991 0.057820615427331439884 0.96118378519368874446 0.012326703860712651811 0.99992106034248207092 -0.0024342258516700976574 -0.49718719833689006826 -0.057786437806907363368 0.0031427105308516000391 0.99832402103530859527 13.318794906612781759 0 0 0 1
x 392 1689804925.8015582561 0.99820165737993438171 -0.019777671513280629945 0.056588823220360406907 1.0009234568970239998 0.020271275881593442403 0.99976120083352437717 -0.0081619043146642956954 -0.51134292663999847406 -0.056413886394085281661 0.0092943540615889799067 0.99836420629171873653 13.733383699060045302 0 0 0 1
x 395 1689804925.9515583515 0.99805903614240898403 -0.030507711417628476797 0.054290329880592465284 1.0633354742188805275 0.031303350734914872633 0.99941375141576682672 -0.013865558547366778688 -0.52624424693103111217 -0.053835495792755115596 0.015538115237127444329 0.99842891903611530324 14.370264275957728373 0 0 0 1
x 398 1689804926.1015582085 0.99829398192645157906 -0.02302487293858643605 0.053656135488789405419 1.0886637479201966006 0.02377367190883829598 0.99962810287263903497 -0.013359209228816381135 -0.5305600847970876055 -0.053328586831082366859 0.014612021537430394669 0.99847010503729638486 15.022856696228060969 0 0 0 1
x 400 1689804926.2015583515 0.99855028658932720731 -0.011246494783098935633 0.052638783301537504788 1.0902353355174119187 0.01143259645473842373 0.99992941060771867168 -0.0032356668560631889758 -0.54642958316462397761 -0.052598677651397258981 0.0038327740337843873436 0.99860837616781994441 15.478920628115290015 0 0 0 1
x 402 1689804926.3015582561 0.99869110756518408856 -0.0041659638598931089323 0.050977606999000245336 1.1076196447922299626 0.0039726920919773622484 0.99998453473003090508 0.0038920455169444709634 -0.57043054426838402104 -0.05099303273751026877 -0.0036844329118185231015 0.99869221262927165839 15.923018337904530028 0 0 0 1
x 407 1689804926.5515582561 0.99885068750386851733 -0.0062690878946699930482 0.04751844494527924373 1.1687299689899723898 0.0063868787683692175572 0.99997689518971832889 -0.0023274162345435700158 -0.61643648101100068093 -0.047502756263682069382 0.0026282358531084432963 0.99886764915260572995 17.026870776084152226 0 0 0 1
x 410 1689804926.7015583515 0.99896721384940923016 -0.0074899757080301894441 0.044815242025919084512 1.203463998108984967 0.0078072967229573702122 0.99994564884042491659 -0.0069098106328204398838 -0.6382210169054653992 -0.044761051951761457457 0.0072525601683031534414 0.99897139528575940037 17.686577021791105579 0 0 0 1
x 413 1689804926.8515582085 0.99902794227954228035 -0.0095983176484355694352 0.043023747431189029999 1.2419992252343219352 0.009883249473919048303 0.99993058311007476657 -0.0064148531536038552042 -0.66805884208191268492 -0.042959189058213047285 0.0068338319752356182363 0.99905345543469048497 18.375363802867443752 0 0 0 1
x 417 1689804927.0515582561 0.99912333450919299516 -0.0084474171665844342144 0.04100248263756921252 1.2839490205249961541 0.0086488726967783313704 0.99995137133375933125 -0.0047383508533754411726 -0.70705219675004715718 -0.040960461915185854276 0.0050888221572831472336 0.99914780910971634498 19.304684599848339843 0 0 0 1
x 420 1689804927.2015583515 0.99918189216165675948 -0.0081637002210687096421 0.039609347065460480397 1.3150887230890044854 0.0083617258087115200332 0.9999533444183066333 -0.0048363755171882830478 -0.73106099782544864407 -0.03956801634845379112 0.0051636213400919651895 0.99920353737209366418 20.01169559227652428 0 0 0 1
x 422 1689804927.3015582561 0.9991943174612232248 -0.01050235002986629404 0.038735211333497152064 1.3413052985843931797 0.010671393973040087244 0.99993440608936412506 -0.0041599121844800093784 -0.74821913702619491371 -0.038688981685651567533 0.0045699193166388448958 0.99924085111326721442 20.485791825745575778 0 0 0 1
x 424 1689804927.4015593529 0.99920696280738252604 -0.013155078950124934195 0.037581769184825204733 1.3669997884002527133 0.013242870189110069953 0.99991012924679945062 -0.0020880179125125730537 -0.76956286376002858152 -0.037550923642433578498 0.0025840525274408361091 0.99929137432789638673 20.959467591264015596 0 0 0 1
x 427 1689804927.5515582561 0.99921377356966456507 -0.015796057308691324739 0.036363708311611224466 1.4059919200037778175 0.015776962696597986169 0.99987520625866610491 0.0008120081651988960347 -0.79948152007271744424 -0.036371996875914851255 -0.00023766087337550914605 0.99933829175138066958 21.680641805960341628 0 0 0 1
x 431 1689804927.7515583038 0.99924149421125096904 -0.013472488977949597516 0.036536670444975632988 1.4463524991343055248 0.013466711073336457699 0.9999092380213646658 0.00040424299699503988062 -0.8294406241781854261 -0.036538800463794721129 8.8092408122440217445e-05 0.99933223119260705669 22.657228273732322066 0 0 0 1
x 434 1689804927.9015583992 0.99919906458010288031 -0.013597157348246059066 0.037634381279552715782 1.4825679878100208597 0.013562172215712780046 0.99990732762754208629 0.0011847537885701050261 -0.85646880859381302464 -0.03764700289583566839 -0.00067340091715189056339 0.99929087342183098297 23.38137678074970438 0 0 0 1
x 438 1689804928.1015582085 0.99910524056865157583 -0.013850066447939209449 0.039961155234110215528 1.5367336090084371403 0.013852027368526260986 0.99990403011182527049 0.0002278242999402809517 -0.89138421533758360749 -0.039960475548203699958 0.00032592256398160200778 0.99920120804993217689 24.373736106753327135 0 0 0 1
x 442 1689804928.3015582561 0.99902274575395899614 -0.010499132497246203843 0.042933922287933280748 1.5865784161633937899 0.010525630674698581088 0.99994452750467877067 -0.00039116792425741543854 -0.92569117348146801039 -0.042927433712264588539 0.0008426922631615155028 0.99907783746043976603 25.378646327458231013 0 0 0 1
x 446 1689804928.5015583038 0.99888155258642541412 -0.0075450349580541940797 0.046676721714503752181 1.6437309179843366813 0.00763782418699842508 0.999969193517583399 -0.0018098777532070244121 -0.96079757832180090471 -0.046661628177979246057 0.0021643620941958910744 0.99890840820993431759 26.406899010760678692 0 0 0 1
x 450 1689804928.7015583515 0.99872189158076529747 -0.0069444799037674054612 0.050063534395854612791 1.712016335941740186 0.0070526805302628201716 0.99997315950229836989 -0.0019849363539275670203 -1.0009131092915153349 -0.050048406315054631832 0.0023354815043717721407 0.99874406258633963152 27.455530144006075943 0 0 0 1
x 453 1689804928.8515582085 0.9985856094272419492 -0.0071083670278972123022 0.052690148633506225795 1.7653478164941791562 0.0074261239840916473329 0.99995538804131844923 -0.005837346118620577104 -1.0321200135790082886 -0.052646304024092475948 0.0062203734077931052346 0.99859384818216767599 28.248838205800346657 0 0 0 1
x 456 1689804929.0015583038 0.99844728444435304482 -0.004129492455055843933 0.055551484928497825433 1.8123972873174649667 0.0044833567089660663826 0.99997043739639923654 -0.0062469069045027981676 -1.0614129669591383376 -0.055524046127039913823 0.0064862643576247061561 0.99843628173076959254 29.024637511130681133 0 0 0 1
x 458 1689804929.1015582085 0.99839835808122190386 -0.0025308552927723630341 0.05651825680439169497 1.848462752237104656 0.0028967840377695590857 0.99997536536962994269 -0.0063935354939902338048 -1.0795646497570192679 -0.056500683384881691951 0.0065470165236873826414 0.99838109424792276236 29.571166103796937108 0 0 0 1
x 462 1689804929.3015582561 0.99837790204145848705 -0.0039320113105912532503 0.056798802824966250491 1.9293059307200723929 0.0042351101287767612194 0.99997742326205929508 -0.0052169731040552095105 -1.1286532654278846888 -0.056777007296027352801 0.0054490598477797786911 0.99837201442612644176 30.641536567982392114 0 0 0 1
x 466 1689804929.5015583038 0.99835898091698815904 -0.0014784854348725195907 0.057246478522369630138 2.0053862390373700109 0.0015933193366737550059 0.99999680914758792838 -0.0019603642859775979694 -1.1651988736553473558 -0.057243397487261697687 0.0020483592119608234894 0.99835815100025793178 31.743104167486706046 0 0 0 1
x 473 1689804929.8515582085 0.99831665318593221237 0.0037574385153995920258 0.057876952471971193637 2.1286506208234299287 -0.0033815201500879796433 0.99997255702818566014 -0.006591700234880420485 -1.2468944307962126494 -0.057900132064740220117 0.0063848920362810368534 0.99830196226420930827 33.666270306997098771 0 0 0 1
x 478 1689804930.1015582085 0.99830366461125863431 0.0055729355445692692339 0.057954599585775742887 2.2215406233010326353 -0.0048347583275283939272 0.99990549492081204352 -0.012869589701314755256 -1.3048526603755801201 -0.058020843975643075774 0.012567562077899952985 0.998236263640913557 35.058809491297786565 0 0 0 1
x 481 1689804930.2515583038 0.99830578489642429751 0.0068121232997412715232 0.057785420466438489062 2.2793241736447700241 -0.0062455601765729852268 0.99993069840246662228 -0.0099795476067770557543 -1.3379988583933064561 -0.057849397753259021449 0.0096017377856431104094 0.9982791462367032187 35.911782313432858871 0 0 0 1
x 485 1689804930.4515624046 0.99831167457255298725 0.0078545104005343108905 0.05755090858112543728 2.349932764464038204 -0.0074553459603760672408 0.99994666566575740596 -0.0071472820390093829909 -1.3867686859472578842 -0.057603977542842174642 0.0067061531671995244785 0.99831698837640836519 37.049904149353395155 0 0 0 1
x 488 1689804930.6015582085 0.9983321990736807594 0.0091148125233873542039 0.057006495115657002115 2.4058528285137308345 -0.0088678839579704963475 0.99995017684721021478 -0.0045830620049412016878 -1.4219574126115004375 -0.05704542862329892855 0.0040698913863477237385 0.99836328811574759357 37.914329272777393953 0 0 0 1
x 492 1689804930.8015582561 0.99833475212871958249 0.011685320938460037887 0.056490494480512944142 2.4749328769689924457 -0.01135992329552475491 0.99991700205328137852 -0.0060779229591425227089 -1.4665221331776119307 -0.0565568283658787474 0.0054260740266481146191 0.99838463674369992695 39.068614494462885034 0 0 0 1
x 496 1689804931.0015583038 0.99834750054044585355 0.014599847170854328079 0.05557978613877548324 2.5474563316141236591 -0.014276448435045187985 0.99987879423658587719 -0.0062112684753475085747 -1.5198713939092307612 -0.055663733118843351788 0.0054075224067077817119 0.99843492903478447964 40.211535993215761664 0 0 0 1
x 500 1689804931.2015583515 0.99838997600079670836 0.015322586329974298772 0.054613864258894882775 2.6176422396966301243 -0.015110059008013305634 0.9998765806639625664 -0.0043022734126309473274 -1.5619693708860948878 -0.054673045807809864116 0.0034701279375779284231 0.99849828055645362124 41.399014146978778683 0 0 0 1
x 503 1689804931.3515582085 0.99839666753599887183 0.017543531232723168223 0.053817457807839794159 2.6678628887737065867 -0.017401338028746743403 0.99984374962426547651 -0.0031096257167274451647 -1.5958096582190433033 -0.053863602625719743389 0.0021681441777028874485 0.99854594859876277813 42.283237842526169459 0 0 0 1
x 506 1689804931.5015583038 0.99841294064132668495 0.019605920146150687677 0.052794013440555412342 2.715662262913901781 -0.019488655474236882964 0.99980633699048959695 -0.0027351090410092115425 -1.6271158959367031382 -0.052837413522477436056 0.0017018839215634695879 0.99860167800949140027 43.183765060640709521 0 0 0 1
x 509 1689804931.6515583992 0.9984947786884900145 0.019717908763997916283 0.051179888684890741113 2.7692932501866382999 -0.019586779759902469417 0.99980347039108108387 -0.0030624585856529411808 -1.6654474958428953091 -0.051230215600368354811 0.0020553996999169484722 0.99868475523641275782 44.070113120421730457 0 0 0 1
x 512 1689804931.8015582561 0.99858674461191276883 0.02002018583955580272 0.049231145064200544648 2.8178669388977262145 -0.019889693634009570494 0.99979725245905182174 -0.0031391181048513248746 -1.6993126408070358124 -0.049284009298432157609 0.0021554893366973700876 0.99878247896786365168 44.973446247508150009 0 0 0 1
x 515 1689804931.9515583515 0.99863032114940541994 0.022200261214751892264 0.047377527194156131285 2.863189568086188963 -0.022097548884776854056 0.99975219859270658684 -0.0026906769287220518722 -1.7336800313308609045 -0.047425520706905442692 0.0016400643422262884286 0.99887343050790600163 45.887100481879350866 0 0 0 1
x 519 1689804932.1515583992 0.99875182411267315885 0.022501184724878837973 0.044592493960136543596 2.9196699373040178038 -0.02243455262624862584 0.99974632483083725187 -0.0019942005149853731481 -1.7751230523320360444 -0.044626053825853939649 0.00099129874950369201506 0.99900326958760288232 47.123563399515397521 0 0 0 1
x 521 1689804932.2515583038 0.99881218870483923222 0.021897558401095959524 0.043528250949460001173 2.9531702111595228288 -0.021840665602704735504 0.99975987566552426689 -0.0017822276190313578008 -1.7985885831242371946 -0.043556825190541652304 0.00082942469567715416782 0.99905060684331470355 47.739286903073846702 0 0 0 1
x 524 1689804932.4015583992 0.99883694263540645508 0.023327180670694835918 0.042197211622451047397 2.9954318288501200485 -0.023236146773509998298 0.99972650110935268319 -0.0026465945612326696561 -1.8328716835108842531 -0.042247408321375835849 0.0016630158172450015992 0.99910579563353496546 48.673951825623475997 0 0 0 1
x 528 1689804932.6015582085 0.99887590991950958585 0.024443454771393310215 0.040613225694475882377 3.0556937457982527029 -0.024353589220960394218 0.99969974488372703725 -0.0027060619851471960813 -1.8864267424434730813 -0.040667176869415302964 0.0017139423122110798887 0.99917127817367834552 49.902115415958490985 0 0 0 1
x 532 1689804932.8015582561 0.99892875156909932688 0.024187292034386870948 0.039450274937490426019 3.1146810918787313227 -0.024050982282335781753 0.99970302334574689951 -0.0039262405208649363633 -1.9335754745379047925 -0.039533524252905537233 0.0029732166783127639102 0.99921382118279766793 51.173233715146217548 0 0 0 1
x 536 1689804933.0015583038 0.99892095059258589895 0.025415921626356120788 0.038871138330221044477 3.1689309362083490917 -0.025237826494257459276 0.99966864093292495674 -0.0050656143915819625695 -1.9779616794205423513 -0.038987005284453590814 0.0040791252985621388391 0.99923139169851338259 52.460933683608082845 0 0 0 1
x 540 1689804933.2015583515 0.99889942564026334981 0.026965168220712432134 0.038377300040263059855 3.2301357312277279021 -0.026771882487565654835 0.99962620874567775786 -0.0055415789099056561584 -2.0349887326886575423 -0.03851238454865747729 0.0045080474233769561587 0.99924795408587407941 53.723398396816911315 0 0 0 1
x 544 1689804933.4015583992 0.99886052134057090601 0.027485891617686733501 0.039015185110708415495 3.2931862858041514031 -0.027347719951310304337 0.99961769203703754183 -0.0040708696872702081551 -2.0846450322578187198 -0.039112160777778189058 0.0029992546618800640205 0.99923032547594647923 55.026414541672338032 0 0 0 1
x 547 1689804933.5515582561 0.99883479986847178989 0.027747323017569443249 0.039485802981170735337 3.3421754394198628368 -0.027684944450845325875 0.99961443809234673541 -0.0021257958685731836307 -2.1190030349526893794 -0.039529563904282798148 0.0010301566288168390473 0.99921787031400566281 56.014646997590837429 0 0 0 1
x 551 1689804933.7515583038 0.99878516382110127392 0.028638229046723646942 0.040100478400179558058 3.4044540868905985853 -0.028594796094972264877 0.99958971287708742182 -0.0016563654755451628475 -2.1714739902915263237 -0.040131461064143073014 0.00050768825967601827285 0.99919427944994176904 57.312938012970242596 0 0 0 1
x 555 1689804933.9515583515 0.9988064839010779572 0.02784645216026382375 0.040127083363380208758 3.4687901177300468625 -0.02781355424259696757 0.99961217848056282964 -0.0013779817619736026146 -2.215163842233481617 -0.040149893120152158055 0.00026026030883208106171 0.99919363406049166443 58.638242639850460591 0 0 0 1
x 560 1689804934.2015583515 0.9988465415892573418 0.028041030044221960937 0.038978032136578258382 3.5459948936503882244 -0.028038744709688250001 0.99960665378659419034 -0.0006053929909833221561 -2.2730801921674870236 -0.038979676118280071062 -0.00048820039701743411396 0.99923988436715593942 60.298833619829807162 0 0 0 1
x 565 1689804934.4515583515 0.99883235762668709512 0.029890303168982813864 0.037953802634001880534 3.6161952759887086017 -0.0298956525516316865 0.99955293400630940148 -0.00042670585913342281171 -2.3370474057200492091 -0.037949589147006461409 -0.00070844607726796605951 0.99927940376439705616 61.96674009159251284 0 0 0 1
x 568 1689804934.6015582085 0.99888551890019716684 0.029094295112139057641 0.037165065900813212818 3.6626267309232805047 -0.029127968822198764542 0.99957562412682809949 0.00036480646261807949489 -2.3676585601310602414 -0.037138680156637841889 -0.001446942773544254799 0.99930907370684540769 62.996825209656584832 0 0 0 1
x 570 1689804934.7015583515 0.99891656453551624928 0.028707303792645088442 0.036627691785296741245 3.6930171186135081207 -0.028777729153793403516 0.99958485935885021956 0.0013968698218240469845 -2.391557887266086535 -0.036572385775511265238 -0.0024494181972457081294 0.99932800468574034536 63.674747540025073533 0 0 0 1
x 572 1689804934.8015582561 0.99890718476172901674 0.029416205397875757471 0.036319734186634797246 3.7208353596270211661 -0.029519921192812558636 0.99956149381440140278 0.0023225710522841837638 -2.4150536361094712134 -0.036235486531409510924 -0.0033921886021796385929 0.99933752184750845871 64.350958348986836199 0 0 0 1
x 576 1689804935.0015583038 0.99896506791208117271 0.02845995861843571631 0.035479907649927575064 3.7799167090351839526 -0.028534045314865578991 0.99959156709807950314 0.0015834280454393380617 -2.4622212259805191792 -0.035420352191637798078 -0.0025941745975964717458 0.9993691354593544629 65.723392254294566328 0 0 0 1
x 578 1689804935.1015613079 0.99903663814334009441 0.026366372177088977929 0.035080052244436839282 3.8123574957124199969 -0.026451119240918374159 0.99964819851882913415 0.0019538395437426595881 -2.4859710865939752544 -0.035016195369513079816 -0.0028798639341474294162 0.99938259562870335184 66.407715177367165893 0 0 0 1
