x 33 1712606174.3348753452 -0.0070338635320395092448 -0.030438815007004901142 0.99951188483435926546 0.06403507382730445896 0.99994336848345577451 -0.0081974713617727797133 0.0067872517747142148761 0.0043550451407271279641 0.0079868741915191630854 0.99950301439535493842 0.03049475249282725467 0.01998111921013521336 0 0 0 1
x 42 1712606175.2348754406 -0.026244961454499306924 -0.033444237155906768322 0.99909593386610606736 1.1845692507745033684 0.99965156011257805257 -0.0036988396343080758889 0.026135740227295138627 0.042920384889608843848 0.0028214058174892528603 0.99943374045348243317 0.033529659654074270292 0.029054747685883047098 0 0 0 1
x 44 1712606175.4348754883 -0.028684300622152627408 -0.031526962717948678327 0.99909121783121268567 1.4917319610294059729 0.99957069703643375291 -0.0068734691673659571373 0.028481169939904380645 0.060084307112981009957 0.0059692979368013198219 0.99947926743148429729 0.031710588696300376355 0.033636055265427858285 0 0 0 1
x 46 1712606175.6348752975 -0.027874404782879048242 -0.032465311572603225421 0.99908409111796669944 1.8084683098202307683 0.99955464592820597591 -0.011558692014965871175 0.027511932685016674688 0.076824563971667550466 0.010654921901788553043 0.99940602367925734928 0.032773044602837329842 0.031949947391583084777 0 0 0 1
x 47 1712606175.7348754406 -0.025614879913948850748 -0.032857522256421946294 0.99913175366163942126 1.9892294448381973027 0.99960734798021322334 -0.012198492409601203665 0.025225912246417243889 0.079064736810636818132 0.011359040195079007571 0.99938560125635778064 0.033157083537747718271 0.028809517875359305639 0 0 0 1
x 48 1712606175.8348753452 -0.022666196724096896592 -0.031911278257759335963 0.999233663297165009 2.1642208569716623323 0.99970476941153108008 -0.0094743981167593905451 0.022374311067400565189 0.066061438655718188184 0.0087531447265406306379 0.99944579947275669074 0.032116605577614427969 0.032164504782097216862 0 0 0 1
x 50 1712606176.0348753929 -0.0083142280243911487192 -0.030992445536440517417 0.99948503838480473593 2.5063432908379170705 0.9999316762880680054 -0.0084708490511433316705 0.0080552757943845240685 0.052333191059347465568 0.0082168342308219718961 0.99948372323903644787 0.031060756532545655273 0.034941127045594932987 0 0 0 1
x 52 1712606176.2348754406 0.01210381250330436545 -0.031710040003974822309 0.99942381956103998331 2.8706104285561022671 0.99986265705165489059 -0.010932306365623461336 -0.012455990901436127249 0.032557462143117894826 0.011320987389795852951 0.99943732070834834236 0.031573362213835276524 0.040426963853437823671 0 0 0 1
x 54 1712606176.4348754883 0.039317043595738968009 -0.030525313772507868537 0.99876041937983239816 3.2734237333850444429 0.99912129230631852028 -0.013322899101606206981 -0.039738440084149305453 -0.01041792005310225068 0.014519412686304687329 0.99944519887907179445 0.02997467388276855299 0.043835357504669360262 0 0 0 1
x 55 1712606176.5348753929 0.055934732845835652415 -0.030921357537498198736 0.99795549766867186481 3.4767592870018910745 0.99832474270300342045 -0.013083109530502512463 -0.056360805083508318247 -0.044134596221046637488 0.014799113721817825154 0.99943619200008060321 0.030137756023573693265 0.040677365985326716102 0 0 0 1
x 56 1712606176.6348752975 0.073989746665246991508 -0.032193199554395826589 0.99673924138271952078 3.6833607488272139818 0.997193652877995107 -0.0090535363139968346585 -0.074315894250149949762 -0.089782730021263468245 0.011416481376210280835 0.99944065925194458533 0.031432985342514256633 0.043876717699440181963 0 0 0 1
x 57 1712606176.7348754406 0.094514139843753675052 -0.033361855834405089449 0.99496435311083419872 3.9068725927869807357 0.99549321755320485661 -0.0046306096461035568812 -0.09471964560167697722 -0.14094413164474309252 0.0077673147420299045243 0.99943261104163094721 0.032773843057989984762 0.048518621457558155918 0 0 0 1
x 58 1712606176.8348753452 0.11521358767822335867 -0.037322174498897360551 0.99263935269909731041 4.1213904667245566671 0.99332619169002744908 -0.0010798767328248492104 -0.11533390986410881063 -0.20036013596525770186 0.005376440483545179283 0.99930270145864064091 0.036948676939489777382 0.039480012440424469555 0 0 0 1
x 59 1712606176.9348754883 0.13736317659167918137 -0.038242255223602333869 0.98978224253901236906 4.3518412461273383585 0.99049148706135969888 -0.002377861103760647854 -0.13755347991952091014 -0.25530566073572036334 0.0076139200143089539111 0.99926566821792761619 0.037551997644201452753 0.041175726885592511817 0 0 0 1
x 60 1712606177.0348753929 0.16141566001167978461 -0.038688414939274641535 0.98612787774386712059 4.5828893490347049067 0.98681804637185699391 -0.0054424099853568261298 -0.16174215138479039466 -0.31850742541121124241 0.011624459725628623341 0.99923650188978452302 0.037299935788335951414 0.043651361250483050602 0 0 0 1
x 61 1712606177.1348752975 0.18736429108283592093 -0.039858542845031888491 0.98148149193290212811 4.8008383230422015941 0.98222280349164248214 -0.0041280421413894385213 -0.18767344929005408405 -0.40172001149100089457 0.011531987182872058262 0.99919680534710242359 0.038376521974947723492 0.041616409340833313002 0 0 0 1
x 62 1712606177.2348754406 0.21603576492103016005 -0.040118973603560890984 0.97556087264769775214 5.040258652938787165 0.97624710227151734188 -0.007943850224878392513 -0.21651441189701298162 -0.47535787560446096656 0.01643604548199901344 0.99916333158565218131 0.037449875906050311691 0.048380867902901192323 0 0 0 1
x 63 1712606177.3348753452 0.24496038164910294288 -0.041624927394793717617 0.9686391365472820647 5.2681137031839817553 0.96933727703910355089 -0.0095637449907478820632 -0.2455479141331625148 -0.56297135577902635006 0.019484731862011581832 0.99908753379466663791 0.038005855075458852554 0.055259348988184742169 0 0 0 1
x 64 1712606177.4348754883 0.27584851389078873796 -0.042535364966316061008 0.96025951706839118849 5.4870118175566080509 0.96104585668787656516 -0.0057507347632696310599 -0.27632913419051358117 -0.66917149218215177253 0.017275958395949836399 0.99907841121763507619 0.039292104571061942098 0.049860126761986027499 0 0 0 1
x 65 1712606177.5348753929 0.30721109444469058003 -0.040977090158366355488 0.95075876096021383344 5.6881334589851775263 0.95154946700126119552 -0.00065928056895577836789 -0.30749500354526337897 -0.7823564103398629177 0.013227067272028407083 0.99915986879825313682 0.0387891899571521509 0.04353170199992214412 0 0 0 1
x 66 1712606177.6348752975 0.33815278562858397393 -0.038861217378545566403 0.94028851921493550314 5.8924787294642495539 0.94097711689697982607 -0.0015967894964235736233 -0.33846641746157418718 -0.90113451734982552566 0.014654659909412752136 0.99924334174861439983 0.036027557401934418024 0.046299090471596276997 0 0 0 1
x 67 1712606177.7348754406 0.36959216590361604338 -0.041705147143592594117 0.92825767522776070351 6.109124522433439175 0.92904219910905549984 -0.0014756801702745930838 -0.36997082944791825909 -1.0327554929304061382 0.016799499329034177364 0.99912887209669243305 0.03820044175802866232 0.036044310841190238537 0 0 0 1
x 68 1712606177.8348753452 0.40131538734066563023 -0.042977185968646552938 0.914931101987039197 6.3118504632781604613 0.91571149712492994066 -0.0034822528309890977624 -0.40182126368915715986 -1.1575673297438664466 0.020455168612263763261 0.99906998522936651952 0.037957221620353101543 0.043396151292208057226 0 0 0 1
x 69 1712606177.9348754883 0.43235288000417604337 -0.041880860709317367652 0.90073135877021892615 6.5041398592936472411 0.90145166432642154231 -0.0035778513787365394741 -0.43286498572841569654 -1.2921808154120715262 0.021351441162291821124 0.99911620568765646677 0.036206677172354630179 0.049293064368681596688 0 0 0 1
x 70 1712606178.0348753929 0.46433024813491563521 -0.039495389325524855872 0.88478106609073137179 6.693940777004930176 0.88551278167276936681 0.0023569774034943721461 -0.46460903795237745717 -1.4472690471847824423 0.016264505865604749618 0.999216972865751063 0.036068087930141497222 0.045771019939291238132 0 0 0 1
x 71 1712606178.1348752975 0.49645954165606576147 -0.035756251790183712913 0.86732313124156168449 6.8806984869531619964 0.86799782842903139279 0.0085034823879471914398 -0.49649517684139454765 -1.6056098653437982371 0.010377539603099842497 0.99932436236778221517 0.03525798381795265668 0.05746499895270912317 0 0 0 1
x 72 1712606178.2348754406 0.52582907317503069233 -0.035678766868714163751 0.84984163902263021306 7.0681706046324084269 0.8504967966805505597 0.0072432741409652681708 -0.52593035072933724816 -1.7803007010453844039 0.012608910465266204987 0.99933706053420967574 0.034153400990629467771 0.060138423785084722806 0 0 0 1
x 73 1712606178.3348753452 0.55538934410308327116 -0.039618899426478185188 0.83064614565200756147 7.2451518698174526278 0.83140054984803524185 0.0051085798126486014342 -0.55565009503870932406 -1.9472944483697869344 0.017770823072887905608 0.9992018040459081929 0.035776425552532208074 0.052680110069790966887 0 0 0 1
x 74 1712606178.4348754883 0.5850825868143483266 -0.043517921659809929991 0.80980525876554687592 7.4283108068647374367 0.81062238076155157529 0.0019927641352550369384 -0.58556586708503655103 -2.120106988019413663 0.02386885861686182872 0.99905065906053136526 0.0364425328466111767 0.039996357307930351099 0 0 0 1
x 75 1712606178.5348753929 0.61246121586144863791 -0.045958342072895286279 0.78916353810623118825 7.6010638889252692962 0.78993587081510718839 -0.0021479241744397875417 -0.6131857030492159355 -2.2944850597679491422 0.029876061745484388393 0.99894104790942794825 0.034988622674159690351 0.037918407358654857009 0 0 0 1
x 76 1712606178.6348752975 0.63721362305029694006 -0.042920236977334456918 0.76949116425190056123 7.7548707204033622276 0.77014352025491272791 -0.00203590272732347621 -0.63786739477615728156 -2.4930615432373710583 0.028944028959869472217 0.99907642767937865358 0.031757437382328286557 0.03442529181548077688 0 0 0 1
x 77 1712606178.7348754406 0.66388733374080366456 -0.036225206111609196957 0.74695471251237077759 7.9064278290050369336 0.74749108271879882714 0.0019610862868016565481 -0.6642689480932120194 -2.7018898880293482634 0.022598436939484677077 0.99934172762633344256 0.028379958854049876227 0.033053404281416676191 0 0 0 1
x 78 1712606178.8348753452 0.68922940091189011103 -0.032838136713527740773 0.72379865273390053826 8.0529183771948282811 0.72429284173409702596 0.0049683045459351501613 -0.68947457920328492076 -2.9012095306014051843 0.019045008381694931293 0.99944833419213585657 0.0272087288908480808 0.034105813854634070559 0 0 0 1
x 79 1712606178.9348754883 0.71200266555509805766 -0.034105946780506900262 0.70134797971062323718 8.2192871208952595907 0.70183279002044840489 0.0033064210569423062649 -0.71233405255680237733 -3.1164979023244359091 0.02197587555576258761 0.99941275355440328809 0.02629085237760890939 0.043552114136634539898 0 0 0 1
x 80 1712606179.0348753929 0.73533557363847756871 -0.036611640749629505154 0.67671351539504831507 8.3790962271822273522 0.67718114324439249163 0.00050900307855619914867 -0.73581617279468125581 -3.3245499155418150039 0.026594988084439358245 0.99932943950837338498 0.025167000806760722598 0.043485970155852302077 0 0 0 1
x 81 1712606179.1348752975 0.75669155852943292828 -0.037450622925718796141 0.65269850321921629721 8.513857744241430936 0.65320485845898756949 0.0017313412965744240466 -0.75717924914865697428 -3.5646300979615719307 0.027226790629872196781 0.99929697952681595385 0.025773020201592861111 0.049274405123902784154 0 0 0 1
x 82 1712606179.2348754406 0.7783516651876728476 -0.033618940931539997852 0.62692778860184406042 8.6639901624082735765 0.62744695463508959321 0.006843723886260881864 -0.77862923304936115798 -3.8327665022361054881 0.021886169460414144766 0.99941129183523780277 0.026420926007139224068 0.061837660881889300324 0 0 0 1
x 83 1712606179.3348753452 0.79858412605804873774 -0.032357980257134447144 0.60101277418332865743 8.7807248039050520561 0.60153131011174443277 0.0087669419525734110926 -0.79880111647130902508 -4.0611042528505310045 0.020578546635815635896 0.99943789293848106503 0.026465478940063721924 0.058635718574746600873 0 0 0 1
x 84 1712606179.4348754883 0.81768539772369941421 -0.031607598605687632631 0.57479696422318649063 8.9048166905079639832 0.57528337660399975206 0.0084984589462480750882 -0.81791002731740425347 -4.3070074679054091149 0.020967283385747732122 0.99946422442185456347 0.025132391850990688092 0.057054519910311324304 0 0 0 1
x 85 1712606179.5348753929 0.83515797702699545724 -0.028049232304305719843 0.54929445108691721256 9.022349473031921363 0.54964542807554672699 0.0061992719275860376157 -0.83537504895479197664 -4.5670994509637363734 0.020026403110379873557 0.99958731963924962738 0.020594503691962515179 0.051175184423873754103 0 0 0 1
x 86 1712606179.6348752975 0.85209928543617063923 -0.021292831137154438759 0.52294686453392547065 9.1268879872477111093 0.52317033811893798312 0.006361574692860314309 -0.85220439312697449097 -4.8258504823523686866 0.014819078627523143976 0.99975304235664319563 0.016560470940284024999 0.043785961196156540642 0 0 0 1
x 87 1712606179.7348754406 0.86816186480684598425 -0.018085734926099512193 0.49595149227164442296 9.2306689890159194789 0.49614100656460335959 0.0078818383057092360894 -0.86820618417649819687 -5.0849086913885104266 0.011793137448620023486 0.99980537246317824351 0.015815786144379062605 0.029761089266932282821 0 0 0 1
x 88 1712606179.8348753452 0.882103199891458023 -0.020913324757286209932 0.47059173132612625023 9.3381383319570154811 0.4708015976850171147 0.0062997155376256913639 -0.88221662260836619662 -5.3432773174380843173 0.015485488707189154836 0.99976144475734929351 0.015403025916695515379 0.028267125413234575615 0 0 0 1
x 89 1712606179.9348754883 0.89434927605674374718 -0.023154311489032970706 0.44676979561836488442 9.4387455341240329432 0.44698055167085426476 0.004619769452404377981 -0.8945317457585303389 -5.6145918079572636472 0.018648293242247843127 0.99972122893224868445 0.014481214353009823695 0.025976939228427246842 0 0 0 1
x 90 1712606180.0348753929 0.90642126615662210742 -0.022199049023303513845 0.42179105074580092172 9.526770713434649096 0.42198685551523318349 0.0048037791833880037762 -0.90658922202045655325 -5.8758137683097988457 0.018099227530742931225 0.9997420296831343034 0.013721954465192498854 0.0170374960511338637 0 0 0 1
x 91 1712606180.1348752975 0.91716576309624964214 -0.021576495642519795404 0.39792137142872890943 9.6228822323537261951 0.39806834936918922274 0.0028238622551982552229 -0.91735141305887868413 -6.1614965564394506004 0.01866955364798472683 0.99976321228032616339 0.011178869754211846754 0.011840445491584385834 0 0 0 1
x 92 1712606180.2348754406 0.92652496378264781463 -0.017249828574792465397 0.37583764434095467966 9.7121288382491872682 0.37595516729652367349 0.0040451434403578172272 -0.92662902447782236059 -6.4391598200628008541 0.014463874649291975916 0.99984302778975064907 0.010233088544900459382 0.0015530643392578681594 0 0 0 1
x 93 1712606180.3348753452 0.93459548234606237838 -0.013418981373766725868 0.35545916125275806019 9.7906371261706830467 0.35556776876876389215 0.0067530101381649935977 -0.93462610635177845175 -6.7352778274061222419 0.010141310988167947377 0.99988715752562640215 0.011082690019220253069 -0.0036025166468237612705 0 0 0 1
x 94 1712606180.4348754883 0.94116944101733202022 -0.0097645161040117393197 0.33779392759668991353 9.8620725727179046061 0.33788731086144041527 0.01039361195705554991 -0.94112918241765008975 -7.0434756303440364533 0.0056787720583469560726 0.99989830835272142107 0.013081456021786725188 -0.0016053921488219241587 0 0 0 1
x 95 1712606180.5348753929 0.94741542662073430225 -0.012984005658090807395 0.31974274816978931479 9.9417176923351586737 0.31990353692530726359 0.01311278011621940659 -0.9473593732381851984 -7.3421096079691352543 0.0081078031165207169184 0.99982972079472010041 0.016576879476741260278 -0.0074164336142618393632 0 0 0 1
x 96 1712606180.6348752975 0.95302723458403582057 -0.020448406178033090574 0.30219356847559414314 10.031634226967836909 0.30251262267208878232 0.014828809496635409967 -0.95303002027132388552 -7.6501560174135612158 0.015006774133422072504 0.99968093364160726111 0.020318160252073832334 -0.019265421406658857217 0 0 0 1
x 97 1712606180.7348754406 0.95804362372850870866 -0.021019468614800220635 0.28585065502033690787 10.104619381944281997 0.28613062540702766112 0.011739744879522192797 -0.95811870016308631204 -7.9496540533820825303 0.016783332199922729178 0.99971013814943077147 0.017261501394747871818 -0.021107938767572199945 0 0 0 1
x 98 1712606180.8348753452 0.96255621504508515063 -0.014607568462384094149 0.27068829273381145306 10.159724549074635291 0.27084443952256737065 0.0100145599958986007 -0.96257103539249000423 -8.2471744753153224394 0.011349998167996531648 0.99984315146023150511 0.013595955627810444102 -0.024960541038174164502 0 0 0 1
x 99 1712606180.9348754883 0.96657606015858565929 -0.0090075892536112985021 0.25622174627057958674 10.211879867080325468 0.25629992835937576157 0.0089688336889209279573 -0.96655569252682582704 -8.5492525963378938059 0.0064083264513400120185 0.99991920841130943476 0.010977704387521365278 -0.037793987961909199236 0 0 0 1
x 100 1712606181.0348753929 0.97000541191903300042 -0.0076723569974775111466 0.2429622106078863919 10.271697977068747321 0.24301263604874900892 0.0065050989493575864242 -0.9700013105251612533 -8.8621073064841553446 0.005861703118934929839 0.99994940802836373983 0.0081744608665058945268 -0.042712069052850694384 0 0 0 1
x 101 1712606181.1348752975 0.97304701502636870014 -0.0065352990178207210833 0.23051420003721373453 10.322481864744506908 0.23055786794281651897 0.0069741325680930327593 -0.97303362275425286931 -9.1695545460780767399 0.0047514290624177338979 0.99995432462314182143 0.0082929234825536799619 -0.049735564928227886383 0 0 0 1
x 102 1712606181.2348754406 0.97607382046684809662 -0.012002350061854582391 0.21710790081639422255 10.386781724320051978 0.21719154421597133831 0.0061549893562857982063 -0.9761095989823914687 -9.4736241996623640205 0.010379312266488893365 0.99990902570994921739 0.0086145329263189202723 -0.055571323145433115798 0 0 0 1
x 103 1712606181.3348753452 0.97885784383216734028 -0.014146946630456756766 0.20405191860495699996 10.44496350103185911 0.20412374939876892777 0.003819122788917089957 -0.97893764317250109297 -9.7987088239801920508 0.013069679242480158193 0.9998926333351525475 0.0066261060878330625343 -0.053896713190312514619 0 0 0 1
x 104 1712606181.4348754883 0.98130088684502481122 -0.013756038039325506339 0.19198786657591077054 10.499194567741312767 0.1920547071194675659 0.0037025525291076426954 -0.98137723662514841916 -10.121534399731931586 0.012789017414212209417 0.99989852611005536343 0.0062752299389940806307 -0.059818927920458259129 0 0 0 1
x 105 1712606181.5348753929 0.98339103881061584733 -0.01418513688802959527 0.18094431932201376911 10.548307313599694979 0.18103070578024829662 0.0050521258652125927355 -0.98346446787791652611 -10.461458836866684763 0.013036424605399370841 0.99988662252794091589 0.0075361606450794994469 -0.06388468117407926361 0 0 0 1
x 106 1712606181.6348752975 0.98521618647702036142 -0.013548910880926232081 0.17077907636863487451 10.591475958491608722 0.1708936600206631129 0.0077970587382975584459 -0.98525862738547276276 -10.815120063336284062 0.012017606817328618102 0.99987780897673039782 0.0099972114531542231181 -0.077189778881811138556 0 0 0 1
x 107 1712606181.7348754406 0.98708063325121242482 -0.013511419910514738466 0.15965357814897129796 10.63959529166676532 0.159803084797416034 0.010815587459240523852 -0.98708966013083143665 -11.164370037968062377 0.01161023561641860366 0.99985022108160204191 0.012835023512322317474 -0.097040743123694775396 0 0 0 1
x 108 1712606181.8348753452 0.98840466038764662748 -0.015365819076722301434 0.15106329449194588754 10.6760078053911176 0.15123580900364000379 0.010757659361833819128 -0.98843917507815726164 -11.495563332179985494 0.013563090032721514602 0.99982406670672097082 0.012956782741204170978 -0.1003641063696942004 0 0 0 1
x 109 1712606181.9348742962 0.9900094689914785695 -0.013164991433956742956 0.14038495053603217144 10.714121036754251648 0.14052599923549333183 0.01047815436445541197 -0.9900215410763842927 -11.823241748196569034 0.01156264986665043841 0.9998584356186895894 0.012223495640761677244 -0.1015980344610283026 0 0 0 1
x 110 1712606182.0348753929 0.9910136639200098907 -0.011193575072691993796 0.1332914918988765407 10.727436081557737424 0.13340237562471818356 0.0098214199644368962994 -0.99101329248404745886 -12.159462791832623907 0.0097838699259617904758 0.99988911564393512243 0.011226410907081181903 -0.11069575107272558445 0 0 0 1
x 111 1712606182.1348752975 0.99203526026349952982 -0.015451390637097826494 0.12500918734352317596 10.771419046737626957 0.1251649424781946518 0.0095579272850642490317 -0.99208990681634756648 -12.515380406754053055 0.014134339965260676181 0.99983493665122957772 0.011415773297367388245 -0.11473614151450915732 0 0 0 1
x 112 1712606182.2348754406 0.99309234733278539675 -0.017101321632369183984 0.11608244689214368417 10.815525970528819144 0.11625778071758281762 0.0096391194526709508827 -0.99317229914905214017 -12.881469455674020352 0.015865626331947380034 0.99980729751692321017 0.011560697461811654876 -0.11997083065357366793 0 0 0 1
x 113 1712606182.3348753452 0.99392409340059362233 -0.017020805155359221977 0.10874368374655153657 10.840611420109111052 0.10890680127839795499 0.0089666146098011847293 -0.99401152330351705277 -13.228525795036008006 0.015943813736921972485 0.99981492887807243974 0.010765815739026152534 -0.12487310137541696164 0 0 0 1
x 114 1712606182.4348754883 0.99471659137697099329 -0.012971890805998708557 0.10183630440359338343 10.860464018961350163 0.10195085294798887643 0.0084968710617781863237 -0.99475314865802311193 -13.575396928752324399 0.012038539253758345077 0.99987975938388662378 0.0097744739530756328399 -0.13610751462180983862 0 0 0 1
x 115 1712606182.5348753929 0.99542426761490487852 -0.01019111893217566206 0.095008781412574336289 10.88569433483963067 0.095101403933563088966 0.0090244427355059345097 -0.99542668358878305668 -13.94552376807136973 0.0092871103995260696762 0.99990734596954633506 0.0099523390174683958043 -0.14375982728262118315 0 0 0 1
x 116 1712606182.6348752975 0.99600019656404481516 -0.0089270862820132503013 0.088903968299975349998 10.908452896281831457 0.08898825983074931667 0.0095355888876632530216 -0.99598702911131364868 -14.29461591282739974 0.0080435104297418760083 0.99991468619562495768 0.0102918542821367337 -0.14857867968820842597 0 0 0 1
x 117 1712606182.7348754406 0.99653402543856961504 -0.011052065177147378169 0.082448699253454368896 10.935461648251072475 0.08257358601816465471 0.011364006254773665119 -0.99652017653857416501 -14.65000860992581444 0.010076658386110203328 0.99987434771220917717 0.012237227556026996841 -0.15122001121497435916 0 0 0 1
x 118 1712606182.8348753452 0.9969468524951198285 -0.018194111286618911555 0.075933837137361709368 10.96983548031592548 0.076137612520449732267 0.010781165256191608398 -0.99703903154917539187 -15.007413339318931733 0.017321583837080784668 0.99977634538218751459 0.0121335049618886779 -0.15457701034760382153 0 0 0 1
x 119 1712606182.9348754883 0.99722555951143465602 -0.025428425075093564339 0.069961265415395185174 11.001279685681543796 0.070174240111419081134 0.0075807993569584272708 -0.99750594359531197242 -15.379571150503737798 0.024834642819392210855 0.99964790135062642218 0.0093441872854306065599 -0.161815523299926739 0 0 0 1
x 120 1712606183.0348753929 0.99761432322355403368 -0.025557643325605634149 0.064128534748860224757 11.023244815392667206 0.064269917243594779088 0.0047485673999514777313 -0.99792125383039376185 -15.766198541277613998 0.025199996813592039774 0.99966207188803390959 0.0063798264599445710446 -0.17304431677830087177 0 0 0 1
x 121 1712606183.1348752975 0.99807406001983212107 -0.019078591432558449775 0.059026926643254165605 11.028727744859734727 0.05912846025588656268 0.0048018234998083459547 -0.99823883298564430877 -16.156726790818112249 0.018761553933048399218 0.99980645618784858009 0.0059206632184303342042 -0.18934262176266364319 0 0 0 1
x 122 1712606183.2348754406 0.99842906400055020377 -0.013687593550449362809 0.054332807253593976005 11.036392535782816537 0.054399168345164575222 0.0045232496626810671583 -0.99850902384503836817 -16.529657231837440179 0.013421424815242156275 0.99989608959590225989 0.005260737624254563545 -0.19871866354152986633 0 0 0 1
x 123 1712606183.3348753452 0.99869314751338478242 -0.010981646535424900019 0.049913931389333941746 11.045692068967966293 0.049955912350913483921 0.003582153291097410746 -0.99874499999007493312 -16.906520391198132103 0.010789065196844062344 0.99993328358135347145 0.0041260701210548457463 -0.20999967166819463738 0 0 0 1
x 124 1712606183.4348754883 0.99892071420747385879 -0.012594969160470930944 0.044707644587156071536 11.063632002953733391 0.044699789112720995921 -0.00090465842771374411265 -0.99900005527841551078 -17.286650544048058009 0.012622820019899118685 0.99992027099165803339 -0.00034068957906045765514 -0.21480746438473616311 0 0 0 1
x 125 1712606183.5348753929 0.99909745124664595117 -0.017942092869280269057 0.038501483306150774411 11.078719807891809879 0.038454151618851697969 -0.002975729821198052575 -0.99925593481118479833 -17.687168208568628813 0.018043312801583395732 0.99983459948848563137 -0.0022830961271564434445 -0.22694677912361096994 0 0 0 1
x 126 1712606183.6348752975 0.9991920874247535167 -0.021874777566209181734 0.033714485496561079347 11.088196721623310381 0.033689849557783382861 -0.0014938778946440604486 -0.99943121942960688742 -18.090269678767370465 0.021912700944261582353 0.9997596023205383986 -0.00075571301428745791488 -0.23812227665603155624 0 0 0 1
x 127 1712606183.7348754406 0.99937216644201098958 -0.02129022736104511232 0.028319589773041442538 11.095211854357080128 0.028356324945828868811 0.0014254813474897209524 -0.99959686215922138874 -18.484494390282293352 0.02124127540426400812 0.99977232118985925879 0.00202829898609087865 -0.24716252019076906388 0 0 0 1
x 128 1712606183.8348753452 0.99957903070031717263 -0.017538277170978396058 0.023112122885147270285 11.091757947746602397 0.023159622108217491759 0.0025100353813328093837 -0.99972862899103831502 -18.876793747454371442 0.017475505533109468581 0.99984304195828443973 0.0029151586037487078711 -0.25911972975450242584 0 0 0 1
x 129 1712606183.9348754883 0.99977439854086447291 -0.011440464054859097315 0.017896027710380273817 11.083444068165066554 0.017930929680363198037 0.0029554817766068862579 -0.9998348598093144135 -19.258152582783775841 0.011385683375888557001 0.99993018801565680675 0.0031599531709319140897 -0.271114075178574776 0 0 0 1
x 130 1712606184.0348753929 0.99985126718284622616 -0.011466432844943514821 0.012882718546723112563 11.080145701365218258 0.012932274874810845838 0.0042582562173897452878 -0.99990730746245537475 -19.648344918732604469 0.011410512063588262519 0.99992519128648371662 0.0044059099380223225306 -0.28219243898532903048 0 0 0 1
x 131 1712606184.1348752975 0.99984737472032392258 -0.015906307374766247287 0.0072261092978243698579 11.085759252353437176 0.0072955499734543112142 0.0043119171165033652951 -0.99996409051557844094 -20.041115562962779961 0.01587457779270054492 0.99986418915397801133 0.0044273042669324040935 -0.28965594602195593454 0 0 0 1
x 132 1712606184.2348754406 0.99981686871602459821 -0.019067001075313724096 0.0016366115221113865155 11.085794052923262143 0.0017158859033312530082 0.0041420567295381120754 -0.9999899495043893527 -20.442594107678829118 0.019060030492738241209 0.99980962829527519897 0.0041740149864707897995 -0.30599250559746993261 0 0 0 1
x 133 1712606184.3348753452 0.99982202289305366349 -0.01830965421235715429 -0.0045474281311005783704 11.080017915473710843 -0.0044644002924553510478 0.0045729719782657161573 -0.99997957832032224879 -20.850392999749793432 0.018330075549208995483 0.99982190638531476257 0.0044904164705098512447 -0.32429549101258914323 0 0 0 1
x 134 1712606184.4348754883 0.99984884109362714977 -0.014438934953458335345 -0.009685665850553025133 11.065070562064297732 -0.0096577416822058587131 0.0020024257292952356985 -0.99995135797629275398 -21.237977666057147985 0.014457627423686248216 0.99989374807798048206 0.0018626755444053882255 -0.33690426915752180737 0 0 0 1
x 135 1712606184.5348753929 0.9998557507055441107 -0.0091514830483639814096 -0.014308324143408554865 11.047804919184430972 -0.014296255483472755654 0.0013828296947320378729 -0.9998968471114449974 -21.632943232996133531 0.0091703250064148391502 0.99995716815140656131 0.0012517982864163267834 -0.3455953123419708839 0 0 0 1
x 136 1712606184.6348752975 0.99979687112983661734 -0.008369921610253660757 -0.018334690394366505439 11.032783763879452366 -0.018344018862774907203 -0.0010391093799496397589 -0.99983119437600376234 -22.045320275615608807 0.0083494569330937341151 0.99996443169759752223 -0.0011924362901234890951 -0.35271622992558132603 0 0 0 1
x 137 1712606184.7348754406 0.99966173054840257173 -0.011940335303511476206 -0.023105256128549182815 11.025111051549373542 -0.023140626205970314666 -0.0028325968392344737408 -0.99972820697749131824 -22.444014340214678782 0.011871642110094681594 0.99992469955742324661 -0.0031079454892925500314 -0.36738529976436906654 0 0 0 1
x 138 1712606184.8348753452 0.99949791743539617705 -0.015766277046771959985 -0.027483404899819877804 11.01680169469264392 -0.027531842470362177105 -0.0028634051497642182445 -0.99961682587450872983 -22.862991681827672608 0.015681539669521672026 0.99987160446482348242 -0.0032960421332509045635 -0.37905070157163417432 0 0 0 1
x 139 1712606184.9348754883 0.99936163356924867518 -0.016995273078842226128 -0.031424290522531227177 10.998443514912242591 -0.03145645026026774177 -0.001628206461299166281 -0.99950379723758098205 -23.266498375129387455 0.016935674722594846325 0.99985424419452217926 -0.0021617780237811372659 -0.39522304852745965276 0 0 0 1
x 140 1712606185.0348753929 0.99925837344578705146 -0.014255983258192304192 -0.035769680330745831642 10.976062668903781017 -0.035789707600366038598 -0.0011521137859193386881 -0.99935867909132458653 -23.680656674362946745 0.014205629839928601496 0.9998977145553706869 -0.0016614768143624095934 -0.4086379069399991848 0 0 0 1
x 141 1712606185.1348752975 0.99917537928854260887 -0.0077443130995428974273 -0.03985708259696717215 10.945788323287162669 -0.039855790817925722258 0.00032112413617740875622 -0.99920539071151304178 -24.076192487556628663 0.0077509584341997391638 0.99996996079388056344 1.2203620021903635953e-05 -0.42211743334017415297 0 0 0 1
x 142 1712606185.2348754406 0.99900906839509406865 -0.0069437970594774861208 -0.043962085259856821529 10.921270681146964421 -0.043971500193225786235 -0.0012090061620880193215 -0.99903205428270813737 -24.473280251388143114 0.0068839253825870036843 0.99997516068339808992 -0.0015131372830355324134 -0.43270617444811509955 0 0 0 1
x 143 1712606185.3348753452 0.99876988917711828631 -0.0099165825915920775835 -0.048583637778273965069 10.902154762876524074 -0.048601191757462670895 -0.0015367796974513174557 -0.99881708158985305079 -24.867896043111255011 0.0098301897063872434313 0.99994964857925539015 -0.0020168470113496386742 -0.44278837784281177559 0 0 0 1
x 144 1712606185.4348754883 0.99849234311120105279 -0.014413467045154155707 -0.052965014029071152968 10.88321416782036799 -0.05301317665323709849 -0.002979932713590621729 -0.99858936661036223903 -25.292436594241955561 0.014235302755449394038 0.99989168011758433607 -0.0037395436763965925024 -0.46312236133952083827 0 0 0 1
x 145 1712606185.5348744392 0.99836069194363252777 -0.011537879092862305536 -0.056060735974802801407 10.844720706864162452 -0.056111719471499253709 -0.0041433051242892142418 -0.99841589929971530371 -25.701417778491887134 0.011287325184229635849 0.99992485235887318407 -0.004783923206323559621 -0.47579548007113781072 0 0 0 1
x 146 1712606185.6348752975 0.99815231982763685803 -0.0091652567817441070452 -0.060066167604686353243 10.816726793224377801 -0.060115136305672729755 -0.0051640897390648147353 -0.99817809160781667543 -26.118436830279897265 0.0088383714297022731438 0.99994466359094813512 -0.005705518807909976467 -0.49581561786049394014 0 0 0 1
x 147 1712606185.7348754406 0.99799826108857325746 -0.0073196204065698105765 -0.062816351514009716173 10.782587945087925618 -0.062870960438241779711 -0.0074857755288262077184 -0.99799358991221942539 -26.526084785507286767 0.0068347051197507483269 0.99994519165720074927 -0.0079309825211645798571 -0.50678945303964417768 0 0 0 1
x 148 1712606185.8348753452 0.99783378143105039282 -0.0056854175551830383323 -0.065539458754753282532 10.747159204295462231 -0.065593779563857368409 -0.0099613267536632337656 -0.9977966867375873683 -26.935820733693599749 0.0050200308059672625258 0.99993422183297941963 -0.010312676358600622942 -0.52080809671045735776 0 0 0 1
x 149 1712606185.9348742962 0.99757283176388378276 -0.010273431076147676241 -0.068868729768970821103 10.724481710571717841 -0.068982140049834814177 -0.011126235762114350739 -0.9975558486798824509 -27.329537090954122647 0.0094820715166609968738 0.99988532516936712291 -0.011807913773843532398 -0.53902602146272304839 0 0 0 1
x 150 1712606186.0348753929 0.99730932918796710851 -0.011400274252928430108 -0.072416404687224156245 10.699393330997194695 -0.072556218602934277606 -0.012368963039646678481 -0.9972876234521391714 -27.732985607028847852 0.010473636571757464001 0.99985851123994351486 -0.013162843018840306511 -0.55848926526214315302 0 0 0 1
x 151 1712606186.1348752975 0.99720481965968277294 -0.010331918015853714873 -0.073998642676028875131 10.664339812951475039 -0.074128345320983932143 -0.0127917624837909083 -0.99716666572498846577 -28.122081377716426687 0.0093560711720158673543 0.99986480200173577515 -0.013521895185732348693 -0.58280049488689511517 0 0 0 1
x 152 1712606186.2348754406 0.99714322552816925249 -0.0054818327618514134034 -0.075334834457990329515 10.617600586136402896 -0.075408629202604951502 -0.014802874345079253954 -0.99704283436843832433 -28.526987894489071351 0.0043504499743910749268 0.99987540444715827803 -0.015173963363167952689 -0.59413586645792515473 0 0 0 1
x 153 1712606186.3348753452 0.99705275843292673343 -0.0062941268042862345486 -0.076460322150511531025 10.587757469458392023 -0.076549646293359779881 -0.015445052220628176232 -0.99694613797518039089 -28.919429532324112841 0.0050939717333228582558 0.99986090748963485364 -0.015881345104338518565 -0.61014589729198587253 0 0 0 1
x 154 1712606186.4348754883 0.99702508147509827374 -0.010199135637739199789 -0.076400029729753030083 10.56935225814744328 -0.076565832323440288776 -0.016998136331631327062 -0.99691962398354350139 -29.292636115036685851 0.0088690603324368469385 0.99980350118973526641 -0.017728473568099818725 -0.62955810417096225162 0 0 0 1
x 155 1712606186.5348753929 0.99708555917777830224 -0.012924020066700368792 -0.075188811559712062649 10.543198264947902132 -0.075403793991183701295 -0.017040136725026414771 -0.99700747318899329841 -29.672434053976818547 0.011604116946462730495 0.99977127556475109404 -0.017964994395769488117 -0.6494288593575237023 0 0 0 1
x 156 1712606186.6348752975 0.99713950939598128276 -0.012074503816982199225 -0.074612366051542353129 10.520694640065149983 -0.074827479684630507362 -0.018469436258141038593 -0.99702544009770532885 -30.071486981316581932 0.01066053912518534659 0.99975651349724037331 -0.019320109291575415095 -0.66847528824451685203 0 0 0 1
x 157 1712606186.7348744869 0.99747755494928447284 -0.0076697261849195362549 -0.070567008416680329641 10.484388863342886111 -0.070699529157080928665 -0.018655001059655260814 -0.99732320112807337775 -30.45790956717473108 0.0063327682490709946359 0.99979656242443604164 -0.019150190871994987596 -0.69746808747530519845 0 0 0 1
x 158 1712606186.8348753452 0.99783255427070061128 -0.0011065247925229589401 -0.065794902923399359307 10.451243373450575191 -0.065803452009528848321 -0.021568078214839803142 -0.99759948060066472308 -30.846599707038325988 -0.00031520106178941904689 0.99976676960484056611 -0.021594143720424754246 -0.71798702320392326914 0 0 0 1
x 159 1712606186.9348754883 0.99815026350134516964 -0.0029455744225548924006 -0.060723760318634377453 10.43385639370589324 -0.060778663941138788562 -0.025081596220154638716 -0.99783609252087956953 -31.227723149617595766 0.001416151641141128294 0.99968106770189057997 -0.025214229959721289748 -0.7374457186666406594 0 0 0 1
x 160 1712606187.0348753929 0.9983806425036125809 -0.005811024198169838749 -0.056589086206251200395 10.422016851418261396 -0.056727040674523290797 -0.027230069384894743656 -0.99801831955852560174 -31.600113596258783133 0.0042585838488158273343 0.99961230250364441208 -0.027515616371937692136 -0.75566051131160205667 0 0 0 1
x 161 1712606187.1348752975 0.99859689067560952758 -0.01053279362256914764 -0.051897111699107476013 10.415230462430873359 -0.052164120631104413106 -0.026894204029003648121 -0.99827631760949464557 -31.995856828460574661 0.0091189068952131913104 0.99958279399282801148 -0.027405902426037413028 -0.77883684498299576848 0 0 0 1
x 162 1712606187.2348754406 0.9987911460634213423 -0.01421850264562845266 -0.047054019337056531003 10.412484668421178924 -0.047439031048906690757 -0.028076980150731633418 -0.99847945472758814489 -32.369764491400573547 0.012875747995800808018 0.9995046359902024502 -0.028717551172724387759 -0.79622640330658356334 0 0 0 1
x 163 1712606187.3348753452 0.99911732985879952995 -0.0080433540704770416924 -0.041229426787492765016 10.392309410297126959 -0.041439135339785014567 -0.027929073633082154848 -0.99875060195616616188 -32.7328555361816953 0.0068818050089228827854 0.99957754641658846939 -0.028237731105639429785 -0.8197772734753777657 0 0 0 1
x 164 1712606187.4348754883 0.99936176549165045557 -0.0025005940556441078916 -0.03563437546544919593 10.379310955439835951 -0.035695155532903442841 -0.031234468341735925623 -0.99887449854733911803 -33.094982370899295177 0.0013847588523079785734 0.99950895694615449205 -0.031303792517712550336 -0.84358821560851871002 0 0 0 1
x 165 1712606187.5348753929 0.99955394984130374603 0.00090589634899008650553 -0.029850975286172420908 10.372772930335372621 -0.02980779013857363241 -0.031424591789840264355 -0.99906155499214310822 -33.453761276473152009 -0.0018431009457406347541 0.99950571503137375373 -0.031383572072363245808 -0.86691862333466729318 0 0 0 1
x 166 1712606187.6348752975 0.99972085395777243733 8.5301087503045908145e-05 -0.023626402616523354411 10.37268668411269168 -0.023612973403525899102 -0.030296664170974863667 -0.99926199748262323208 -33.80967390878745249 -0.00080103931950402428377 0.99954094706664486925 -0.030286192768079815002 -0.89119671230611752222 0 0 0 1
x 167 1712606187.7348754406 0.99984381377223319198 -0.0012590229139532102542 -0.017628469486498862806 10.373092681641157498 -0.017660981354839715846 -0.033833417360520673389 -0.9992714293903122158 -34.162886667717764055 0.00066167424736060368763 0.99942669302408293497 -0.033850368623274292024 -0.91460071695490385846 0 0 0 1
x 168 1712606187.8348753452 0.99993540108674228151 -0.0030058894823902092448 -0.010961673732237156229 10.376259041376700409 -0.011068421461208476086 -0.038153803660026172628 -0.99921057705829152695 -34.499506138508678532 0.0025852870295326895768 0.99926735756350093531 -0.03818460943105344424 -0.93667824111574837787 0 0 0 1
x 169 1712606187.9348754883 0.99998315855127117846 -0.0036278412241723938941 -0.0045300543164238198102 10.385723984896474192 -0.0046746809113219220735 -0.040902685353308841643 -0.99915219945647304467 -34.833534388540535076 0.0034394741495181947906 0.99915654884480475939 -0.040918955490533197306 -0.96268070936546656924 0 0 0 1
