x 0 0 0.99999999999999877875 1.4709190741861116508e-10 5.0506165649988108236e-08 5.0498756133215491524e-09 -1.4709165435790157785e-10 1 -5.0104914228383212253e-09 -4.3870609218582873125e-10 -5.0506165650725106309e-08 5.0104914154092797951e-09 0.99999999999999866773 -4.6360143058670032038e-09 0 0 0 1
x 4 0 0.99852822483608594251 -0.0082227744594173396431 -0.053607557171395134321 -0.036024259037076317158 0.0082748995056539965953 0.99996548083140435192 0.00075045572156210522876 0.0076993431244091192767 0.053599535854950947078 -0.0011929483678063889599 0.99856179910425446611 0.22219972424650358267 0 0 0 1
x 8 0 0.99979116135267587229 -0.0089168661147666014588 -0.018388126053498675405 -0.080435813738638659021 0.0090585626674656131996 0.99992980664021424708 0.0076370305004229196294 0.016809240826204607799 0.018318736950664160634 -0.0078020055854965105271 0.99980175664247383782 0.49075171465974770646 0 0 0 1
x 17 0 0.99983233163409579447 -0.0085237312060096551841 -0.016206622888668063137 -0.11781944505334594753 0.0087163892893960624036 0.99989174332588126592 0.011854374149931339033 0.031890725716069205642 0.016103824914705945626 -0.011993649780552872661 0.99979838927058606313 0.82663284482837662281 0 0 0 1
x 25 0 0.99958882044155550339 -0.0034993241127615980733 0.028459528791145317222 -0.14636068126691018088 0.0031901850794094958018 0.99993549807637438498 0.010900569063682717663 0.04645140533127621596 -0.028495837720960204287 -0.010805295808391785287 0.99953550853137484999 1.1461835444158361419 0 0 0 1
x 30 0 0.99945126054235999824 -0.0050656068713464865588 -0.032734040803292348276 -0.18666557279540726966 0.0053886840756719490975 0.9999375659467724109 0.009789090477494398479 0.052514055933853838465 0.032682409400459459803 -0.0099601122217040927165 0.9994161577042427469 1.3935434031230722329 0 0 0 1
x 36 0 0.99944415060719848931 -0.006832798842324064835 -0.032629782056206826923 -0.23932076735034349402 0.0070071246516064311302 0.99996176676831260988 0.0052311763218850105411 0.06498508969749952624 0.03259279093867340632 -0.005456909525925447528 0.99945381690063783697 1.7038768386494016482 0 0 0 1
x 43 0 0.99802151293385232833 -0.0077126203643414900299 -0.062398519280026723544 -0.29070976908813117578 0.0079002123408079549804 0.99996498339341688411 0.0027601869453096955151 0.077371450741899536196 0.062375046021581961875 -0.0032476875032024614398 0.99804749694575511931 2.0458835879984498263 0 0 0 1
x 49 0 0.99552743428825307692 -0.0057554929710336476603 -0.094297411842049996822 -0.33845660941758259899 0.0060015591495234605138 0.99997928511236811033 0.0023260769402472999956 0.089834524417564176613 0.094282070762280026366 -0.0028816049030984999119 0.99554135398081744501 2.3779369775084133742 0 0 0 1
x 55 0 0.99398527038456718774 -0.0065434612049672154915 -0.10931818409568345996 -0.38781978610961859166 0.0067047104106665580611 0.99997690985014775489 0.0011075309741992223934 0.10074975177821023087 0.10930841283646818007 -0.0018338162418301904698 0.99400619112818588974 2.7137064312628242924 0 0 0 1
x 60 0 0.98426586696381046515 -0.0056199878901252390412 -0.17660441349551128654 -0.45944941783084708442 0.0067482441892471939013 0.99996047560055312253 0.0057886472580136452346 0.10579044090075410967 0.17656490118463799566 -0.0068893376191229765623 0.98426488949714574517 2.9696638820144309889 0 0 0 1
x 65 0 0.97924707556803647357 -0.0016072220116855806191 -0.20266371611330236124 -0.52326123589329753827 0.0036087561707677960274 0.99994829552824593399 0.0095070052621793951775 0.11543815110539470958 0.20263795762479444584 -0.010041071036513721237 0.9792022441876302441 3.2402033985543172712 0 0 0 1
x 72 0 0.98676362308277487667 0.00068461485222487330083 -0.16216375508435823538 -0.58107643431679123491 0.00096974333196853384088 0.99994829693994258246 0.010122403112839711836 0.1303978482024552854 0.16216230066950118593 -0.010145676390110115392 0.98671194048322008463 3.5689945219314607172 0 0 0 1
x 77 0 0.99093045969001591899 0.0025623796380644203556 -0.13435124960015881745 -0.59019454345169708454 -0.00051622793790119352042 0.99988338812710420012 0.015262491807624211856 0.12891366969104220419 0.13437469094755111199 -0.015054712154408610505 0.9908162282051587999 3.9119448959274056854 0 0 0 1
x 89 0 0.99839206034449634597 0.0044823677160009582979 -0.056508426103817996355 -0.68800379738505779148 -0.0036614554450774706301 0.99988638271628005327 0.014622428067061925272 0.16566920628471795696 0.056567548869434151892 -0.014392013000662578007 0.99829503774019257012 4.5874230419650734447 0 0 0 1
x 97 0 0.99323907636525188281 0.014353825110353364211 0.11519594127313227683 -0.6806229079001107074 -0.016759628140491544118 0.99966063632406332307 0.019943095265306673425 0.17838309632307697283 -0.11487058825345150548 -0.021738902660209009909 0.99314257187245602587 5.0652946409943560013 0 0 0 1
x 100 0 0.96228862764258760176 0.023566543381404913421 0.27100777690464394887 -0.62114109999511513127 -0.028838355038301292238 0.99946411837643112097 0.015486295771053093517 0.19774226418431703478 -0.2704975903560506989 -0.02271770479331075912 0.96245257519552329661 5.3704867483384557403 0 0 0 1
x 103 0 0.91997519823865225863 0.032186273610027855974 0.39065288737810871522 -0.54053279943056897761 -0.040342266899876549902 0.99910536430557961296 0.012687494519981211416 0.20002245167474283494 -0.38989503219088589292 -0.027432003333986598737 0.92045062282881484617 5.5602274791452135361 0 0 0 1
x 105 0 0.87275672592193809241 0.038053840697933147275 0.48666991130144426903 -0.45659610695256896973 -0.048255930606568533947 0.99879934425100280748 0.0084400879770703627486 0.2022216785393405325 -0.48576441051122021264 -0.030850853017428386121 0.87354516903751688872 5.6913029938697352605 0 0 0 1
x 107 0 0.81678535927667850203 0.043236449530211010228 0.57531929074496390708 -0.36372346180332321142 -0.056463684681836455448 0.99839147027144869995 0.0051307310751427075146 0.20339688315474427349 -0.57417203796720817088 -0.036675353048563910652 0.81791282499747253176 5.809533790162289435 0 0 0 1
x 109 0 0.76817766387828800845 0.04662777959977964376 0.63853655094136163584 -0.28642768921320893583 -0.060321371483836622174 0.99817895626539254739 -0.00032157618101909203525 0.20675869896063717168 -0.63738874233924514012 -0.038270372855847493987 0.76959143037112209829 5.8889701705148649324 0 0 0 1
x 111 0 0.71428593016691899198 0.051025956168578467942 0.69799137656754839387 -0.20962578471246562373 -0.067000833068760673461 0.99774333171411677679 -0.0043740585393354132482 0.20574648772915085648 -0.69663943208353573677 -0.043641675232463060519 0.7160928053326836018 5.9604096436297773209 0 0 0 1
x 112 0 0.67386822935751988783 0.052471364553632778016 0.7369860007927154788 -0.15385809918821713449 -0.069728206476271800685 0.99753956733606796714 -0.0072655915501292321623 0.20704769901865363591 -0.73555393186642881176 -0.046492660720275726105 0.67586895609651009842 6.000850923756678057 0 0 0 1
x 114 0 0.60615424702987641403 0.053024877121165485405 0.79357758991413640537 -0.055332206312090105593 -0.072754640230292336178 0.99728849307952727177 -0.011064533253921484193 0.2096394859110684572 -0.79201249430334375035 -0.051029638225757636971 0.60836846145238643313 6.0562559654766747741 0 0 0 1
x 116 0 0.50598171924564860902 0.054235408921712476016 0.86083739475484655213 0.078546004056290363859 -0.075509781408368573108 0.99697473795440583189 -0.018429454479289796714 0.21204335276917504749 -0.85923266505695516937 -0.05567667644389751036 0.50854629582692212342 6.1146450195332349153 0 0 0 1
x 119 0 0.39267958121011758976 0.055621307006429081266 0.91799183912905413241 0.22839931275765168461 -0.076592726881482761647 0.99667967338319851667 -0.027625764308333397579 0.20929612598846930593 -0.91648038750946836384 -0.05946342465463595045 0.3956359443210855642 6.1709119534475203039 0 0 0 1
x 123 0 0.28178668985516103218 0.060936812274546808821 0.95754005990887303135 0.42371227154318963359 -0.07806387873960282664 0.99612864310161453041 -0.040419762847705889564 0.21113145154535564729 -0.95629613209329666912 -0.063359539947452594988 0.28545275693369531744 6.2235426083423339705 0 0 0 1
x 128 0 0.15641316960436935091 0.065964679414518348488 0.98548646943733075876 0.6926988640845730405 -0.078825769502170919822 0.99541834645805005177 -0.054118514365344982942 0.20737437586637788578 -0.98454122231458940373 -0.069216880921212017852 0.1608962552666574064 6.2675325382989273137 0 0 0 1
x 131 0 0.086077685853857055509 0.06432321859837421274 0.99420981465040392244 0.88534898918990800887 -0.07576567580368814836 0.9954464779620989523 -0.057843512020472886981 0.20369818700946110135 -0.99340333921728640743 -0.070347942841265248548 0.090559221341324158683 6.287505601000385802 0 0 0 1
x 137 0 0.041254443268208776385 0.065180998002366860589 0.99702031494350484842 1.2179024180347244322 -0.074536808022663172957 0.99529004977352764083 -0.06198371618095000618 0.19033314410618579204 -0.99636455936590939686 -0.071757608106899406497 0.045918520428622752738 6.3163302278414779067 0 0 0 1
x 142 0 -0.015919644931749840633 0.067097367419575351666 0.99761942051596508296 1.5316844310752550928 -0.072744358899186498113 0.99502405826457285265 -0.068083637704275098979 0.18370489178678081621 -0.99722355725965161621 -0.073655052508725740723 -0.010959474729360558359 6.3348838527946433885 0 0 0 1
x 147 0 -0.063070576879848821994 0.065442590078503809492 0.99586111970287349848 1.887718820262777264 -0.071268680314182542013 0.99500490974049227155 -0.069899962793904368841 0.16922537436711687642 -0.99546113813564718331 -0.075382338754719432905 -0.058091526624377796961 6.3488795123758752226 0 0 0 1
x 153 0 -0.057586750743940554043 0.064933976458181885683 0.99622655296879325526 2.2356575841336816524 -0.068516797205955645711 0.99527260026248087765 -0.068832402743172010906 0.16544433266119606962 -0.9959865534430640821 -0.072222087120828601381 -0.052865447056827580274 6.3594632156117274491 0 0 0 1
x 157 0 -0.047048171840922761722 0.063159525642615704788 0.99689384783287060543 2.5559921954775819408 -0.068459999981044933337 0.99544848355819137709 -0.066298906358197087774 0.15528975473343389901 -0.99654387656992893252 -0.071366595142947825137 -0.04251013018893549239 6.3577683980178179013 0 0 0 1
x 162 0 -0.084432701633064946578 0.066932328476814892393 0.99417864707486769404 2.8865069516588475196 -0.066318634177769633653 0.9951516015880054189 -0.072630080666501409259 0.14509562418253249549 -0.99421977331761846042 -0.07206492393320824974 -0.079584477649626630957 6.3587707878030252928 0 0 0 1
x 166 0 -0.040755000022820099537 0.069276417632102543775 0.99676467028742676835 3.1967845712375262401 -0.066770125907268454424 0.99517471872133389521 -0.071895963059423917407 0.13663084501214825539 -0.99693569514761959383 -0.069484222511135854128 -0.035932750556497881911 6.3693965442482536332 0 0 0 1
x 171 0 0.01632278975915940622 0.067343755685059042415 0.99759630367434160014 3.4751313780461541292 -0.073978687376585389179 0.99507588394043378077 -0.065963164070577395837 0.12567631376202903493 -0.99712623089983776214 -0.072724162218588295215 0.02122441709655958561 6.3742889441200576428 0 0 0 1
x 176 0 0.044883718979981515607 0.066206807533497488705 0.996795922145926383 3.8273439948639826902 -0.079215138421809952463 0.9948954726187280162 -0.062513681763044795514 0.12112758200028606037 -0.99584658136448889199 -0.076155480426428723284 0.049899190230706998161 6.4193995147670559476 0 0 0 1
x 181 0 0.033739128173580552883 0.062971600960833318261 0.99744485998099996493 4.1592398917211346188 -0.082942275005728080539 0.99474674961604758749 -0.059995692721922531943 0.11140643480298106915 -0.99598305720878665959 -0.080706143512986300292 0.038784895929992915797 6.4608989242246064322 0 0 0 1
x 186 0 -0.015045259229579001706 0.061482855585748931448 0.99799473878559930018 4.5154615173148213714 -0.084811118922450481894 0.99443228928098692521 -0.062541955058158488212 0.10301222488446501457 -0.99628345077183499967 -0.085582010401700089886 -0.0097470618017212982964 6.4917661499645644696 0 0 0 1
x 190 0 -0.082450407954883356276 0.059435277688066584512 0.99482127942370401907 4.750279235964391944 -0.087160823424494104916 0.99396497357447344267 -0.066607973749847337874 0.099868755463273034545 -0.99277637012976782671 -0.092201296483501851697 -0.076772389820324832277 6.4800942270528940625 0 0 0 1
x 192 0 -0.18618707178035573402 0.053326208870484573255 0.98106609856286342009 4.8985415894244237478 -0.085517645109867632125 0.99385689396694099074 -0.070251026250494577607 0.075693975102731778093 -0.97878552639315186124 -0.096978295313365867059 -0.18048297305118352063 6.4364666053157417736 0 0 0 1
x 195 0 -0.37974428397038295646 0.049266202702838012006 0.9237787181262966385 5.1746690053505304263 -0.072140759556184208545 0.99396291224970578781 -0.082664622921416630597 0.046170767361437874132 -0.92227435701231441634 -0.098033516428444350543 -0.37389763312194945755 6.3749764273329230235 0 0 0 1
x 198 0 -0.50360552174866424213 0.048298696060649973227 0.86258258411765831308 5.4086919799668580211 -0.060950835103353098732 0.99396187793071089089 -0.091240237399175388999 0.028609196600120311016 -0.86178098967455718515 -0.098524216207463266581 -0.49762084427427843991 6.3719405388066041596 0 0 0 1
x 200 0 -0.56397818567200252993 0.047099065704954083678 0.82444544033904232361 5.5990158643493685986 -0.056674581547276309257 0.99381051779545037661 -0.095543950753468637194 0.0065467211422845427923 -0.82384258077168914802 -0.10060980433765155662 -0.55781813288793524741 6.2254845247957248944 0 0 0 1
x 202 0 -0.62673000117376231888 0.042831484470140089582 0.7780584615353909328 5.7633488518229016861 -0.053396995354996007466 0.99378060097888720748 -0.097718360634533540932 -0.022306894516766123671 -0.77740482794731469163 -0.10278901233169998597 -0.62054504464066073677 6.05921947280337303 0 0 0 1
x 204 0 -0.70469506386452895885 0.03606304638555712927 0.70859320039805684388 5.9189496390943450166 -0.048936549908131385389 0.99385860202532960717 -0.099248643634793826118 -0.041117610578570731872 -0.70782065599137233836 -0.10461613578053098605 -0.69860244995726472617 5.9428610733963092017 0 0 0 1
x 206 0 -0.7632621960423069396 0.030758038050083511689 0.64535630715751457487 6.020948100636057454 -0.045271663894547682638 0.99386491392274156631 -0.10091089793258256613 -0.05775364279481089852 -0.64450081190087982197 -0.10623782739048553969 -0.7571870492094117111 5.8375313094932801405 0 0 0 1
x 208 0 -0.81250429485900987903 0.027164678918481552361 0.58232194794196001641 6.0901075947456080328 -0.03985814615458479343 0.99398744065746003074 -0.10198184152265621361 -0.073566104434429929748 -0.58159100665397389651 -0.10607095754488225781 -0.80653633082752596017 5.7623877900076063696 0 0 0 1
x 209 0 -0.86431265769015386269 0.022879214148486363978 0.50243424576409112525 6.153870117250145988 -0.033585455052651792818 0.99410963836732191279 -0.10304389411361895845 -0.09088789338156835762 -0.50183228968001802883 -0.10593662475810768087 -0.85845313475423401517 5.6699677556569465509 0 0 0 1
x 210 0 -0.90898933105803125798 0.019408059330383545249 0.41636729369115976773 6.2039443351190097786 -0.026630205777502777981 0.9941705303522048176 -0.10447865197954679661 -0.10664014659131811069 -0.41596782106663016121 -0.10605792668275067225 -0.90317356472874898987 5.5749085035635985719 0 0 0 1
x 211 0 -0.93486378850541851371 0.01428915436514696137 0.35471892676994998261 6.2219621906435902403 -0.0236919725085970867 0.99445084133347461108 -0.10249982736471703604 -0.13209181067667535858 -0.35421517101889909984 -0.10422736799264345486 -0.92933754275902280551 5.4921828487440338407 0 0 0 1
x 212 0 -0.97241076888034994052 0.010289179957417892222 0.23304812666342217264 6.2867381775202195726 -0.014304539030712392494 0.99451668213333555002 -0.10359512112846074039 -0.16409115786072386856 -0.23283615855069736411 -0.10407065741267085279 -0.96693154956131688316 5.3651480096147654564 0 0 0 1
x 213 0 -0.9853316107049985284 0.0068986452948610072627 0.17051107189443287515 6.3107010737787812005 -0.010446984607474093035 0.99486997609861560488 -0.10062102747513219925 -0.18151696148129758956 -0.17033049479791920189 -0.10092640561634894092 -0.9802047659500847665 5.2961819065869297773 0 0 0 1
x 215 0 -0.99736962637041481905 0.0033482692303145149271 0.072405921628704489335 6.3509826967460085712 -0.0039933647620158984129 0.99487703870213317625 -0.10101351840794486892 -0.20288834726123802787 -0.072373209349995304418 -0.10103695836888630655 -0.99224676951449253259 5.1451236485944367161 0 0 0 1
x 217 0 -0.99995691865077185323 0.00097857495246735700517 -0.0092305597617616738648 6.3741649365341643829 0.0019064716344494010789 0.99487866238961564225 -0.10105846074305534221 -0.21249320679611879981 0.0090843936704708069807 -0.10107170480857154138 -0.994837667299910966 4.9740594243082822956 0 0 0 1
x 219 0 -0.99787050679548494614 -0.0022456129677763635166 -0.065187490288566074526 6.3911365388342629146 0.0044369611564444404184 0.99475525838014067226 -0.10218752027892795409 -0.22087468113733868535 0.065075072365838676491 -0.10225914701120415728 -0.9926269701197536488 4.8361201641527093997 0 0 0 1
x 221 0 -0.99279844152434404414 -0.0049377930370580677688 -0.11969491512489423279 6.406008865263026486 0.0070105758034653305188 0.99504309393593048938 -0.099197243093318079876 -0.2338347878092522647 0.11959141413051491143 -0.099321998622330195938 -0.98784261613676538349 4.7113166682925742279 0 0 0 1
x 224 0 -0.97969091101403626975 -0.0084523347845681055107 -0.20033541103154295371 6.4204753148376241256 0.011475399683971017686 0.99511017935603152118 -0.098102222931492177871 -0.24422134391132863107 0.20018499963429026156 -0.098408785068695200926 -0.9748034042527357057 4.4917413939290087299 0 0 0 1
x 227 0 -0.9695660508221877194 -0.007621417592487315408 -0.24471123204084532787 6.4263794760469918899 0.016231622906656081179 0.99531532850991777384 -0.095309659799049664675 -0.2630669279251913184 0.24429123502672719925 -0.096381070896080944799 -0.96490024440977384401 4.2934245603987868378 0 0 0 1
x 230 0 -0.96587155595974794053 -0.0071744379994190974822 -0.25892212116249901932 6.4182725972332876907 0.017717201402919505182 0.99544525741470479829 -0.093674117369854772996 -0.27549528974959175409 0.25841485669818525794 -0.095064540865484825627 -0.96134514868890419415 4.091584667648450413 0 0 0 1
x 234 0 -0.96158127170010421203 -0.0063814275588099638598 -0.27444623389276440184 6.4118448563430057163 0.019260729023575440949 0.99569780858658407663 -0.090636076114060687425 -0.29166877556712006436 0.27384390121580348687 -0.092439987874215270858 -0.95732145406270086063 3.8293450282898819914 0 0 0 1
x 239 0 -0.96585250840554248697 -0.0073453461863454061129 -0.25898837405590902083 6.407280545584610465 0.016842599069690322722 0.99570375539126099174 -0.091051405021105924487 -0.30997563269369687866 0.25854450074077856003 -0.092304265281418829137 -0.96157925505262387134 3.4962267868501717416 0 0 0 1
x 243 0 -0.98013066299990103669 -0.0016743987080629989771 -0.19834585913585545125 6.4134959023133522038 0.016970968047658116507 0.99558966664016079751 -0.092267014273030398264 -0.32633789786303807334 0.19762557954601811527 -0.093799851110226553641 -0.97577954387289789207 3.203585141667309788 0 0 0 1
x 246 0 -0.9856337926348636147 -0.0016442857672067301075 -0.16888849321528581759 6.4117198162882473866 0.014583383435542583012 0.99538954167934645678 -0.094799711196564662163 -0.33580182443982881102 0.1682657176723346415 -0.095900764541769364935 -0.98106558986467229388 2.9075514771283521576 0 0 0 1
x 249 0 -0.98939137920203357179 0.0031726508431923149643 -0.14523991547548020797 6.4182572717871675394 0.01750402046546760404 0.99508132139242988501 -0.097502682442277693875 -0.3443627807771606486 0.1442161850426017522 -0.099010595910348622728 -0.98458041513592786664 2.6461337592174012379 0 0 0 1
x 251 0 -0.99561160683348881584 0.008872836551097548069 -0.093160083243713456835 6.4485527558959052641 0.01801134765217036332 0.99505118509242884706 -0.097717605383603939329 -0.3521027551683499901 0.09183201889423303621 -0.098966720758498369359 -0.99084432101522279535 2.4547063879602055714 0 0 0 1
x 255 0 -0.99935660740690390735 0.009567269668047719347 -0.034566437237039573938 6.4690273920093890325 0.01291578939127313759 0.99510390598162412612 -0.097986727083392219373 -0.3663901895232050121 0.033459731268550563232 -0.098370135972325398188 -0.99458723233923596041 2.2324247087423696456 0 0 0 1
x 261 0 -0.99957235190512860878 0.0081461623389589652572 -0.028084752909681473532 6.4798420561211989011 0.01079038903439798712 0.99538770000676679572 -0.095325202227558372692 -0.3915054989791756368 0.027178683031686402122 -0.095587481996262949058 -0.99504992461397512304 1.8730621208346607265 0 0 0 1
x 267 0 -0.99993360701753764008 0.0093413624914088812246 0.0067468884458997888109 6.5363425181372321049 0.008652098749230072508 0.99536085492800174812 -0.095822281668886399864 -0.41562313917606519276 -0.0076106993194376224704 -0.095757544996736040921 -0.99537559234294448185 1.5253409180763908282 0 0 0 1
x 270 0 -0.99994327190876242106 0.0090196760455773152682 -0.0056655457311172085708 6.5867342811902815924 0.0095619550734489626442 0.99449037214017410591 -0.10439094182768583752 -0.43899711986955414211 0.0046927582051374955308 -0.10443919362256103012 -0.99452020233673343874 1.1430661826153205585 0 0 0 1
x 275 0 -0.99798088653580863117 0.0073528336018683550929 -0.063087922356223805065 6.6038483626701216522 0.014032416557830648673 0.99425669865180132945 -0.10609763650321892003 -0.45706615114730358984 0.061945471139940540273 -0.1067686893431070011 -0.99235235958867262784 0.87049204279281922059 0 0 0 1
x 277 0 -0.99526708061901669744 0.0019622554280518517654 -0.097157541085261797664 6.6016653638328808285 0.014332626920821449693 0.99182606706189457846 -0.12678970187709523443 -0.47286947571609355689 0.096114588079270271703 -0.12758213922869149348 -0.98715995852150684176 0.78453646745758687242 0 0 0 1
x 278 0 -0.99166170562063093996 0.0043423562698842038676 -0.12879520778199496367 6.5900391534848434816 0.020053799432059163377 0.99245676892819634229 -0.12094381727456660069 -0.45643277716945357403 0.12729849462550851813 -0.12251818538743708409 -0.98426845297177367744 0.76311814644963882337 0 0 0 1
x 280 0 -0.98149273676021575596 0.0028462798526551432755 -0.19147821384675370315 6.5908493970544483886 0.023533776314753934028 0.9941031597331019265 -0.10585399936247134878 -0.47786645646389180886 0.19004780729940012884 -0.10840113698510417395 -0.97577201458180118365 0.66437983509137965576 0 0 0 1