*****************Hessian**********************
99696.1, -87070.9, -48112, 944.465, -5246, 30183.7, -65362.5, 54484.1, 27751, -247.799, 2876.9, -20665, -18050.2, 16088.6, 10904.2, -149.515, 1224.39, -5505.24, -6591.83, 8267.04, 4703, -159.835, 775.105, -3053.6, -2148.86, 2399.79, 2125.66, -81.1417, 362.92, -969.897, 0, 0, 0, 0, 0, 0
-87070.9, 475442, -17163.6, 1363.36, -3857.9, -141896, 32922.9, -292272, 2433.88, -698.473, -195.009, 102909, 9823.39, -89119, 5946.05, -497.788, 2293.5, 25540.5, 5097.49, -36569.5, 5233.26, 241.683, 1538.32, 10393.9, 1363.13, -9020.7, 1102.66, 164.353, 582.365, 3039.25, 0, 0, 0, 0, 0, 0
-48112, -17163.6, 503441, -29623, 129599, 2825.6, 29050.9, -1546.03, -303474, 17147.6, -96423.9, 1671.39, 11915.6, 6284.05, -93031.5, 3580.71, -22456.9, -2514.91, 6095, 4007.63, -44265.3, 902.059, -9716.31, -1134.52, 2695.3, 1373.38, -13317.2, -452.106, -2588.15, -599.524, 0, 0, 0, 0, 0, 0
944.465, 1363.36, -29623, 9272.16, -6997.28, 226.783, -513.299, -908.583, 21246.6, -8615.89, 6076.72, -286.724, -187.197, -626.618, 4072.03, -331.282, 1124.98, 111.442, -231.647, 102.639, 1433.82, -9.44741, 367.783, -65.2831, -88.5001, 102.776, 137.332, 138.716, -27.2946, 2.22218, 0, 0, 0, 0, 0, 0
-5246, -3857.9, 129599, -6997.28, 50314, 2195.17, 3110.03, -1803.68, -85038, 2918.77, -43074.9, -645.621, 1415.18, 2133.8, -19023.3, 865.149, -5340.52, -1008.05, 908.742, 1203.55, -7604.08, 189.803, -1887.4, -240.988, 389.279, 501.887, -1924.5, -149.114, -348.243, -208.519, 0, 0, 0, 0, 0, 0
30183.7, -141896, 2825.6, 226.783, 2195.17, 60167.7, -12795.5, 92018.2, 1125.95, -422.384, -1055, -48514.4, -3357.59, 21362.2, -1664.41, 56.2238, -807.854, -7944.99, -1795.84, 7884.71, -1090.34, -78.5521, -258.16, -2883.86, -482.575, 2129.35, -308.11, -14.4621, -173.1, -818.702, 0, 0, 0, 0, 0, 0
-65362.5, 32922.9, 29050.9, -513.299, 3110.03, -12795.5, 125420, -79212, -57914.8, 883.85, -8534.46, 29664.3, -48956.2, 27475.5, 20451.2, -288.877, 4196.42, -11620.5, -9591.3, 9330.38, 4864.19, -246.546, 729.767, -4438.61, -2625.71, 1845.07, 2321.8, -57.7838, 481.746, -808.504, 0, 0, 0, 0, 0, 0
54484.1, -292272, -1546.03, -908.583, -1803.68, 92018.2, -79212, 597421, -9298.23, 1115.02, -2179.77, -195961, 27633.9, -216613, 4099.95, -99.6617, 2722.14, 82108, 8840.31, -54593.8, 3636.09, 287.837, 835.636, 17616.2, 1133.44, -13188, 791.089, 240.562, 336.599, 4208.56, 0, 0, 0, 0, 0, 0
27751, 2433.88, -303474, 21246.6, -85038, 1125.95, -57914.8, -9298.23, 608741, -33850.1, 173884, 1317.97, 21529.9, 4629.04, -218470, 15810.3, -69238.8, -2024.43, 5386.54, 1806.53, -55358.6, 1426.38, -14270.7, -217.494, 2956.61, 645.255, -17641.2, -80.1012, -4250.79, -303.247, 0, 0, 0, 0, 0, 0
-247.799, -698.473, 17147.6, -8615.89, 2918.77, -422.384, 883.85, 1115.02, -33850.1, 13766.9, -9083.73, 1527.47, -279.87, -823.361, 13826.4, -5175.69, 5099.36, -928.067, -183.957, -43.9764, 1583.25, -194.203, 503.249, -133.185, -68.7992, 110.932, 223.19, 35.8803, 43.3586, -24.1821, 0, 0, 0, 0, 0, 0
2876.9, -195.009, -96423.9, 6076.72, -43074.9, -1055, -8534.46, -2179.77, 173884, -9083.73, 73652.8, 1849.63, 4321.17, 1944.2, -61517.7, 5161.89, -25828.6, -851.798, 726.323, 380.477, -11940.1, 365.45, -3600.3, 101.129, 538.97, 221.666, -3428.76, -35.317, -868.341, -100.258, 0, 0, 0, 0, 0, 0
-20665, 102909, 1671.39, -286.724, -645.621, -48514.4, 29664.3, -195961, 1317.97, 1527.47, 1849.63, 96668.2, -9831.75, 69339.2, -1978.05, -1155.02, -1131.08, -41187.1, -3537.52, 13995.1, -553.135, -217.887, 15.1395, -5833.66, -476.875, 3097.81, -158.293, -48.9995, -83.4666, -1126.44, 0, 0, 0, 0, 0, 0
-18050.2, 9823.39, 11915.6, -187.197, 1415.18, -3357.59, -48956.2, 27633.9, 21529.9, -279.87, 4321.17, -9831.75, 128672, -93285.8, -50871.3, 544.886, -8316.51, 43285.7, -52926.8, 43663.9, 14285.4, 58.0895, 1990.14, -26700, -7100.97, 6608.18, 4066.72, -118.57, 603.322, -3387.71, 0, 0, 0, 0, 0, 0
16088.6, -89119, 6284.05, -626.618, 2133.8, 21362.2, 27475.5, -216613, 4629.04, -823.361, 1944.2, 69339.2, -93285.8, 552267, -16715.3, 843.497, -8002.93, -191225, 41928.8, -205848, 3509.57, 504.311, 2695.68, 87781.6, 4899.44, -36549.8, 2149.44, -120.836, 1057.24, 12746.8, 0, 0, 0, 0, 0, 0
10904.2, 5946.05, -93031.5, 4072.03, -19023.3, -1664.41, 20451.2, 4099.95, -218470, 13826.4, -61517.7, -1978.05, -50871.3, -16715.3, 538685, -33822.7, 152667, 7454.16, 15610.8, 4483.04, -196242, 15059.4, -63870.4, -2662.58, 4742.91, 2412.5, -33446, -395.524, -8505.53, -1226.91, 0, 0, 0, 0, 0, 0
-149.515, -497.788, 3580.71, -331.282, 865.149, 56.2238, -288.877, -99.6617, 15810.3, -5175.69, 5161.89, -1155.02, 544.886, 843.497, -33822.7, 10763, -11505.2, 2177.73, -32.0716, -119.838, 14286.4, -5299.06, 5533.18, -1142.76, -111.437, -178.491, 382.913, 161.322, 78.6243, 55.6724, 0, 0, 0, 0, 0, 0
1224.39, 2293.5, -22456.9, 1124.98, -5340.52, -807.854, 4196.42, 2722.14, -69238.8, 5099.36, -25828.6, -1131.08, -8316.51, -8002.93, 152667, -11505.2, 55521.6, 3873.78, 2390.33, 2099.1, -56053.6, 4996.87, -22416.9, -1450.03, 686.846, 944.748, -7028.05, -179.936, -2025.47, -511.316, 0, 0, 0, 0, 0, 0
-5505.24, 25540.5, -2514.91, 111.442, -1008.05, -7944.99, -11620.5, 82108, -2024.43, -928.067, -851.798, -41187.1, 43285.7, -191225, 7454.16, 2177.73, 3873.78, 98055.3, -22810.1, 73308.1, -2180.56, -1251.01, -1522.44, -44553.8, -2356.2, 9952.66, -655.236, 18.3979, -388.285, -4376.11, 0, 0, 0, 0, 0, 0
-6591.83, 5097.49, 6095, -231.647, 908.742, -1795.84, -9591.3, 8840.31, 5386.54, -183.957, 726.323, -3537.52, -52926.8, 41928.8, 15610.8, -32.0716, 2390.33, -22810.1, 115906, -87618.3, -32931.6, -348.433, -3175.34, 49371.2, -48251.9, 35640.2, 8215.07, 676.971, -823.575, -21225.4, 0, 0, 0, 0, 0, 0
8267.04, -36569.5, 4007.63, 102.639, 1203.55, 7884.71, 9330.38, -54593.8, 1806.53, -43.9764, 380.477, 13995.1, 43663.9, -205848, 4483.04, -119.838, 2099.1, 73308.1, -87618.3, 454033, -19259.9, -961.049, -10196.5, -173931, 33695.8, -171646, 8368.74, 737.473, 6237.27, 78765.6, 0, 0, 0, 0, 0, 0
4703, 5233.26, -44265.3, 1433.82, -7604.08, -1090.34, 4864.19, 3636.09, -55358.6, 1583.25, -11940.1, -553.135, 14285.4, 3509.57, -196242, 14286.4, -56053.6, -2180.56, -32931.6, -19259.9, 436010, -28969.5, 131579, 10526.7, 9138.48, 8122.49, -156068, 12611.5, -55855.7, -6864.82, 0, 0, 0, 0, 0, 0
-159.835, 241.683, 902.059, -9.44741, 189.803, -78.5521, -246.546, 287.837, 1426.38, -194.203, 365.45, -217.887, 58.0895, 504.311, 15059.4, -5299.06, 4996.87, -1251.01, -348.433, -961.049, -28969.5, 10103.4, -10796.5, 2113.67, 589.241, 313.895, 12127.5, -4608.86, 5237.15, -563.025, 0, 0, 0, 0, 0, 0
775.105, 1538.32, -9716.31, 367.783, -1887.4, -258.16, 729.767, 835.636, -14270.7, 503.249, -3600.3, 15.1395, 1990.14, 2695.68, -63870.4, 5533.18, -22416.9, -1522.44, -3175.34, -10196.5, 131579, -10796.5, 49645.6, 7002.4, -232.061, 4487.25, -48474.2, 4649.58, -21695.3, -5295.38, 0, 0, 0, 0, 0, 0
-3053.6, 10393.9, -1134.52, -65.2831, -240.988, -2883.86, -4438.61, 17616.2, -217.494, -133.185, 101.129, -5833.66, -26700, 87781.6, -2662.58, -1142.76, -1450.03, -44553.8, 49371.2, -173931, 10526.7, 2113.67, 7002.4, 93679.6, -18043.8, 66053.4, -5159.47, -731.473, -5304.37, -40425.7, 0, 0, 0, 0, 0, 0
-2148.86, 1363.13, 2695.3, -88.5001, 389.279, -482.575, -2625.71, 1133.44, 2956.61, -68.7992, 538.97, -476.875, -7100.97, 4899.44, 4742.91, -111.437, 686.846, -2356.2, -48251.9, 33695.8, 9138.48, 589.241, -232.061, -18043.8, 58000.8, -34811.5, -18211.2, -433.905, -1424.17, 21358.2, 0, 0, 0, 0, 0, 0
2399.79, -9020.7, 1373.38, 102.776, 501.887, 2129.35, 1845.07, -13188, 645.255, 110.932, 221.666, 3097.81, 6608.18, -36549.8, 2412.5, -178.491, 944.748, 9952.66, 35640.2, -171646, 8122.49, 313.895, 4487.25, 66053.4, -34811.5, 197789, -9249.33, -653.166, -5968.25, -81242.4, 0, 0, 0, 0, 0, 0
2125.66, 1102.66, -13317.2, 137.332, -1924.5, -308.11, 2321.8, 791.089, -17641.2, 223.19, -3428.76, -158.293, 4066.72, 2149.44, -33446, 382.913, -7028.05, -655.236, 8215.07, 8368.74, -156068, 12127.5, -48474.2, -5159.47, -18211.2, -9249.33, 193576, -10409.7, 61229.5, 6394.75, 0, 0, 0, 0, 0, 0
-81.1417, 164.353, -452.106, 138.716, -149.114, -14.4621, -57.7838, 240.562, -80.1012, 35.8803, -35.317, -48.9995, -118.57, -120.836, -395.524, 161.322, -179.936, 18.3979, 676.971, 737.473, 12611.5, -4608.86, 4649.58, -731.473, -433.905, -653.166, -10409.7, 4153.53, -4405.56, 768.985, 0, 0, 0, 0, 0, 0
362.92, 582.365, -2588.15, -27.2946, -348.243, -173.1, 481.746, 336.599, -4250.79, 43.3586, -868.341, -83.4666, 603.322, 1057.24, -8505.53, 78.6243, -2025.47, -388.285, -823.575, 6237.27, -55855.7, 5237.15, -21695.3, -5304.37, -1424.17, -5968.25, 61229.5, -4405.56, 25079.1, 5998.31, 0, 0, 0, 0, 0, 0
-969.897, 3039.25, -599.524, 2.22218, -208.519, -818.702, -808.504, 4208.56, -303.247, -24.1821, -100.258, -1126.44, -3387.71, 12746.8, -1226.91, 55.6724, -511.316, -4376.11, -21225.4, 78765.6, -6864.82, -563.025, -5295.38, -40425.7, 21358.2, -81242.4, 6394.75, 768.985, 5998.31, 46759, 0, 0, 0, 0, 0, 0
0, 0, 0, 0, 0, 0, 0, 0, 0, 0, 0, 0, 0, 0, 0, 0, 0, 0, 0, 0, 0, 0, 0, 0, 0, 0, 0, 0, 0, 0, 0, 0, 0, 0, 0, 0
0, 0, 0, 0, 0, 0, 0, 0, 0, 0, 0, 0, 0, 0, 0, 0, 0, 0, 0, 0, 0, 0, 0, 0, 0, 0, 0, 0, 0, 0, 0, 0, 0, 0, 0, 0
0, 0, 0, 0, 0, 0, 0, 0, 0, 0, 0, 0, 0, 0, 0, 0, 0, 0, 0, 0, 0, 0, 0, 0, 0, 0, 0, 0, 0, 0, 0, 0, 0, 0, 0, 0
0, 0, 0, 0, 0, 0, 0, 0, 0, 0, 0, 0, 0, 0, 0, 0, 0, 0, 0, 0, 0, 0, 0, 0, 0, 0, 0, 0, 0, 0, 0, 0, 0, 0, 0, 0
0, 0, 0, 0, 0, 0, 0, 0, 0, 0, 0, 0, 0, 0, 0, 0, 0, 0, 0, 0, 0, 0, 0, 0, 0, 0, 0, 0, 0, 0, 0, 0, 0, 0, 0, 0
0, 0, 0, 0, 0, 0, 0, 0, 0, 0, 0, 0, 0, 0, 0, 0, 0, 0, 0, 0, 0, 0, 0, 0, 0, 0, 0, 0, 0, 0, 0, 0, 0, 0, 0, 0
*****************Schur**********************
80985.3, -58398.2, -41387.5, 788.97, -6858.15, 21309.6, -61101.4, 33473, 27172.5, -380.478, 4897.57, -13990.3, -13906.4, 13021.6, 7782.7, -331.361, 1221.74, -6002.66, -4036.75, 3018.32, 3657.71, -107.698, 725.986, -1321.39, 0, 0, 0, 0, 0, 0
-58398.2, 415957, -15412.7, 246.565, -5680.08, -127746, 33803.7, -269837, 5867.46, -315.881, 3659.9, 97811.9, 12089.9, -76082.2, 5894.2, 460.419, 1530.37, 23897.9, 2017.85, -18505.8, 1215.95, 331.207, 642.484, 6026.23, 0, 0, 0, 0, 0, 0
-41387.5, -15412.7, 421022, -20451, 107717, 4544.64, 28142.9, 7556.61, -271691, 17998.6, -82442.4, -3229.24, 8882.11, 3653.51, -79785, 1935.3, -19749.3, -636.784, 4464.57, 1315.53, -24698.8, -419.351, -5578.84, -619.953, 0, 0, 0, 0, 0, 0
788.97, 246.565, -20451, 5453.12, -6320.57, 1203.38, -277.014, -1208.25, 15835.2, -5421.36, 5687.57, -912.537, -306.317, 198.394, 2102.95, -183.333, 659.025, -232.853, -108.302, 263.866, 103.281, 162.197, -33.1607, -42.2903, 0, 0, 0, 0, 0, 0
-6858.15, -5680.08, 107717, -6320.57, 35340.8, 1773.72, 5012.49, 3226.88, -73784.2, 5800.19, -29601.2, -1547.75, 1263.29, 1049.96, -16113.2, 487.616, -4757.24, 39.5096, 746.18, 554.307, -4256.66, -171.971, -991.181, -244.298, 0, 0, 0, 0, 0, 0
21309.6, -127746, 4544.64, 1203.38, 1773.72, 56484.5, -11944.8, 83331.4, -2670.82, -1161.08, -1589.95, -46990, -4779.89, 18760.2, -975.14, -282.702, -57.0905, -7811.24, -808.442, 4437.89, -318.743, -47.6743, -196.582, -1674.2, 0, 0, 0, 0, 0, 0
-61101.4, 33803.7, 28142.9, -277.014, 5012.49, -11944.8, 125286, -91368.8, -48112.5, 494.673, -7920.52, 42609.7, -54148.3, 44768.9, 15569.7, 24.8152, 2220.91, -27130.3, -7509.71, 6942.99, 4597.82, -133.21, 703.885, -3528.84, 0, 0, 0, 0, 0, 0
33473, -269837, 7556.61, -1208.25, 3226.88, 83331.4, -91368.8, 533931, -15469.5, 706.792, -7526.44, -186493, 42865.9, -213656, 4586.11, 546.591, 3050.07, 89808.3, 5155.35, -38432.2, 2317.41, -73.5892, 1155.61, 13353.5, 0, 0, 0, 0, 0, 0
27172.5, 5867.46, -271691, 15835.2, -73784.2, -2670.82, -48112.5, -15469.5, 519685, -33170.2, 148326, 6935.31, 16931, 5324.91, -205820, 15246.4, -65894, -2963.04, 5339.25, 2686.93, -36501.5, -445.211, -9120.62, -1341.12, 0, 0, 0, 0, 0, 0
-380.478, -315.881, 17998.6, -5421.36, 5800.19, -1161.08, 494.673, 706.792, -33170.2, 10734.8, -11345.7, 2214.09, -63.8977, -186.024, 14597.3, -5304.71, 5602.55, -1125.55, -126.869, -195.652, 471.263, 166.531, 95.3034, 62.7399, 0, 0, 0, 0, 0, 0
4897.57, 3659.9, -82442.4, 5687.57, -29601.2, -1589.95, -7920.52, -7526.44, 148326, -11345.7, 54484.4, 3675.68, 2611.5, 2382.82, -58184.9, 5038.7, -22878, -1550.71, 795.651, 1038.24, -7683.32, -196.719, -2156.35, -551.102, 0, 0, 0, 0, 0, 0
-13990.3, 97811.9, -3229.24, -912.537, -1547.75, -46990, 42609.7, -186493, 6935.31, 2214.09, 3675.68, 96656.1, -23130.6, 75263.4, -2530.05, -1261.77, -1623.86, -45124.7, -2443.3, 10445.6, -726.37, 7.90047, -421.674, -4545.79, 0, 0, 0, 0, 0, 0
-13906.4, 12089.9, 8882.11, -306.317, 1263.29, -4779.89, -54148.3, 42865.9, 16931, -63.8977, 2611.5, -23130.6, 115450, -87138.4, -32313.7, -364.457, -3058.65, 49192.7, -48406.3, 35779.7, 8450.71, 674.024, -780.283, -21281.7, 0, 0, 0, 0, 0, 0
13021.6, -76082.2, 3653.51, 198.394, 1049.96, 18760.2, 44768.9, -213656, 5324.91, -186.024, 2382.82, 75263.4, -87138.4, 450575, -18583.7, -949.332, -9995.13, -173040, 33827.4, -172489, 8508.61, 754.434, 6294.8, 79035.9, 0, 0, 0, 0, 0, 0
7782.7, 5894.2, -79785, 2102.95, -16113.2, -975.14, 15569.7, 4586.11, -205820, 14597.3, -58184.9, -2530.05, -32313.7, -18583.7, 431004, -28874.8, 130536, 10298.1, 9430.53, 8320.19, -157701, 12597.2, -56191.3, -6939.11, 0, 0, 0, 0, 0, 0
-331.361, 460.419, 1935.3, -183.333, 487.616, -282.702, 24.8152, 546.591, 15246.4, -5304.71, 5038.7, -1261.77, -364.457, -949.332, -28874.8, 10101.2, -10776.8, 2110.87, 582.483, 315.747, 12158.9, -4608.89, 5243.45, -563.574, 0, 0, 0, 0, 0, 0
1221.74, 1530.37, -19749.3, 659.025, -4757.24, -57.0905, 2220.91, 3050.07, -65894, 5602.55, -22878, -1623.86, -3058.65, -9995.13, 130536, -10776.8, 49424.3, 6942.22, -175.392, 4543.61, -48807, 4644.7, -21763.5, -5315.86, 0, 0, 0, 0, 0, 0
-6002.66, 23897.9, -636.784, -232.853, 39.5096, -7811.24, -27130.3, 89808.3, -2963.04, -1125.55, -1550.71, -45124.7, 49192.7, -173040, 10298.1, 2110.87, 6942.22, 93422.1, -18092.9, 66279.6, -5215.57, -734.907, -5324.49, -40502.9, 0, 0, 0, 0, 0, 0
-4036.75, 2017.85, 4464.57, -108.302, 746.18, -808.442, -7509.71, 5155.35, 5339.25, -126.869, 795.651, -2443.3, -48406.3, 33827.4, 9430.53, 582.483, -175.392, -18092.9, 57946.8, -34773, -18104.3, -434.796, -1403.62, 21342.5, 0, 0, 0, 0, 0, 0
3018.32, -18505.8, 1315.53, 263.866, 554.307, 4437.89, 6942.99, -38432.2, 2686.93, -195.652, 1038.24, 10445.6, 35779.7, -172489, 8320.19, 315.747, 4543.61, 66279.6, -34773, 197578, -9204.44, -649.901, -5951.45, -81173.3, 0, 0, 0, 0, 0, 0
3657.71, 1215.95, -24698.8, 103.281, -4256.66, -318.743, 4597.82, 2317.41, -36501.5, 471.263, -7683.32, -726.37, 8450.71, 8508.61, -157701, 12158.9, -48807, -5215.57, -18104.3, -9204.44, 193022, -10407.9, 61114, 6378.58, 0, 0, 0, 0, 0, 0
-107.698, 331.207, -419.351, 162.197, -171.971, -47.6743, -133.21, -73.5892, -445.211, 166.531, -196.719, 7.90047, 674.024, 754.434, 12597.2, -4608.89, 4644.7, -734.907, -434.796, -649.901, -10407.9, 4151.22, -4404.46, 767.378, 0, 0, 0, 0, 0, 0
725.986, 642.484, -5578.84, -33.1607, -991.181, -196.582, 703.885, 1155.61, -9120.62, 95.3034, -2156.35, -421.674, -780.283, 6294.8, -56191.3, 5243.45, -21763.5, -5324.49, -1403.62, -5951.45, 61114, -4404.46, 25054.3, 5992.63, 0, 0, 0, 0, 0, 0
-1321.39, 6026.23, -619.953, -42.2903, -244.298, -1674.2, -3528.84, 13353.5, -1341.12, 62.7399, -551.102, -4545.79, -21281.7, 79035.9, -6939.11, -563.574, -5315.86, -40502.9, 21342.5, -81173.3, 6378.58, 767.378, 5992.63, 46735.4, 0, 0, 0, 0, 0, 0
0, 0, 0, 0, 0, 0, 0, 0, 0, 0, 0, 0, 0, 0, 0, 0, 0, 0, 0, 0, 0, 0, 0, 0, 0, 0, 0, 0, 0, 0
0, 0, 0, 0, 0, 0, 0, 0, 0, 0, 0, 0, 0, 0, 0, 0, 0, 0, 0, 0, 0, 0, 0, 0, 0, 0, 0, 0, 0, 0
0, 0, 0, 0, 0, 0, 0, 0, 0, 0, 0, 0, 0, 0, 0, 0, 0, 0, 0, 0, 0, 0, 0, 0, 0, 0, 0, 0, 0, 0
0, 0, 0, 0, 0, 0, 0, 0, 0, 0, 0, 0, 0, 0, 0, 0, 0, 0, 0, 0, 0, 0, 0, 0, 0, 0, 0, 0, 0, 0
0, 0, 0, 0, 0, 0, 0, 0, 0, 0, 0, 0, 0, 0, 0, 0, 0, 0, 0, 0, 0, 0, 0, 0, 0, 0, 0, 0, 0, 0
0, 0, 0, 0, 0, 0, 0, 0, 0, 0, 0, 0, 0, 0, 0, 0, 0, 0, 0, 0, 0, 0, 0, 0, 0, 0, 0, 0, 0, 0

